upland/rainfall/rainfall_2.asc
ncols 76
nrows 55
xllcorner 0.0
yllcorner 0.0
cellsize 10.0
[rows 17 to 33 of 55, columns 37 to 73 of 76]
7.771730174634897820e-03 7.819186406813843568e-03 7.866791854185116450e-03 7.914545718822085449e-03 7.962447189967483685e-03 8.010495444013623900e-03 8.058689644483694667e-03 8.107028942014036718e-03 8.155512474337517359e-03 8.204139366267937036e-03 8.252908729685502764e-03 8.301819663523392692e-03 8.350871253755349360e-03 8.400062573384443898e-03 8.449392682432842888e-03 8.498860627932740969e-03 8.548465443918410595e-03 8.598206151419292634e-03 8.648081758454308210e-03 8.698091260027246072e-03 8.748233638123287942e-03 8.798507861706718683e-03 8.848912886719748419e-03 8.899447656082524680e-03 8.950111099694273847e-03 9.000902134435689872e-03 9.051819664172389840e-03 9.102862579759663647e-03 9.154029759048377263e-03 9.205320066892015707e-03 9.256732355155046152e-03 9.308265462722394717e-03 9.359918215510165326e-03 9.411689426477614501e-03 9.463577895640309240e-03 9.515582410084551246e-03 9.567701743982984230e-03
7.813388663683411284e-03 7.861099273572863880e-03 7.908959898486764284e-03 7.956969736221401052e-03 8.005127971673620807e-03 8.053433776820998619e-03 8.101886310702985025e-03 8.150484719403104303e-03 8.199228136032264691e-03 8.248115680713024450e-03 8.297146460565053144e-03 8.346319569691566104e-03 8.395634089166891662e-03 8.445089087025160757e-03 8.494683618250002677e-03 8.544416724765479393e-03 8.594287435428015626e-03 8.644294766019527607e-03 8.694437719241658591e-03 8.744715284711147146e-03 8.795126438956368115e-03 8.845670145414976857e-03 8.896345354432766070e-03 8.947151003263657115e-03 8.998086016070869220e-03 9.049149303929287375e-03 9.100339764828966477e-03 9.151656283679893145e-03 9.203097732317918472e-03 9.254662969511854784e-03 9.306350840971864755e-03 9.358160179358985045e-03 9.410089804295945770e-03 9.462138522379134886e-03 9.514305127191913930e-03 9.566588399319031835e-03 9.618987106362390099e-03
7.855130096344576512e-03 7.903095590420090161e-03 7.951211900944672728e-03 7.999478221428999239e-03 8.047893732415399570e-03 8.096457601457909131e-03 8.145168983103308336e-03 8.194027018873261889e-03 8.243030837247483297e-03 8.292179553647980109e-03 8.341472270424386826e-03 8.390908076840340388e-03 8.440486049061016183e-03 8.490205250141689280e-03 8.540064730017445788e-03 8.590063525494014834e-03 8.640200660239677824e-03 8.690475144778385050e-03 8.740885976483901004e-03 8.791432139575212565e-03 8.842112605112991894e-03 8.892926330997277112e-03 8.943872261966311771e-03 8.994949329596489337e-03 9.046156452303610873e-03 9.097492535345183540e-03 9.148956470824011478e-03 9.200547137692940275e-03 9.252263401760829620e-03 9.304104115699705566e-03 9.356068119053158327e-03 9.408154238245969997e-03 9.460361286594932279e-03 9.512688064320939246e-03 9.565133358562301347e-03 9.617695943389287586e-03 9.670374579819980901e-03
7.896953420085036160e-03 7.945174298395116935e-03 7.993546796151180384e-03 8.042070102569869386e-03 8.090743393830457028e-03 8.139565833054768912e-03 8.188536570288095992e-03 8.237654742481285292e-03 8.286919473473791653e-03 8.336329873977827570e-03 8.385885041563640591e-03 8.435584060645807264e-03 8.485426002470699766e-03 8.535409925104979478e-03 8.585534873425282321e-03 8.635799879108962268e-03 8.686203960625995396e-03 8.736746123232023639e-03 8.787425358962500099e-03 8.838240646628053865e-03 8.889190951810945970e-03 8.940275226862724051e-03 8.991492410903068749e-03 9.042841429819733004e-03 9.094321196269799720e-03 9.145930609682008036e-03 9.197668556260344200e-03 9.249533908988832875e-03 9.301525527637509796e-03 9.353642258769664236e-03 9.405882935750217722e-03 9.458246378755450628e-03 9.510731394783861550e-03 9.563336777668315566e-03 9.616061308089450185e-03 9.668903753590273042e-03 9.721862868592121357e-03
7.938857572356633127e-03 7.987334328461593441e-03 8.035963508561326865e-03 8.084744297570162566e-03 8.133675867295887818e-03 8.182757376419515921e-03 8.231987970476195571e-03 8.281366781837103813e-03 8.330892929692449225e-03 8.380565520035580113e-03 8.430383645648100582e-03 8.480346386086164492e-03 8.530452807667818910e-03 8.580701963461495954e-03 8.631092893275581907e-03 8.681624623649155520e-03 8.732296167843840023e-03 8.783106525836784431e-03 8.834054684314817524e-03 8.885139616669760626e-03 8.936360282994866219e-03 8.987715630082483004e-03 9.039204591422848531e-03 9.090826087204097877e-03 9.142579024313465808e-03 9.194462296339647733e-03 9.246474783576430490e-03 9.298615353027464558e-03 9.350882858412307846e-03 9.403276140173676828e-03 9.455794025485915466e-03 9.508435328264718336e-03 9.561198849178064590e-03 9.614083375658468572e-03 9.667087681916387495e-03 9.720210528954983942e-03 9.773450664586071437e-03
7.980841480619225645e-03 8.029574601530158409e-03 8.078460952515950644e-03 8.127499714180435111e-03 8.176690053951567519e-03 8.226031126061138926e-03 8.275522071525528989e-03 8.325162018127546873e-03 8.374950080399323413e-03 8.424885359606327367e-03 8.474966943732422514e-03 8.525193907466092208e-03 8.575565312187685696e-03 8.626080205957877001e-03 8.676737623507168110e-03 8.727536586226583917e-03 8.778476102159470454e-03 8.829555165994446703e-03 8.880772759059537766e-03 8.932127849317428661e-03 8.983619391361937628e-03 9.035246326415613538e-03 9.087007582328559749e-03 9.138902073578432372e-03 9.190928701271625090e-03 9.243086353145701234e-03 9.295373903572963850e-03 9.347790213565328535e-03 9.400334130780368946e-03 9.453004489528569684e-03 9.505800110781906231e-03 9.558719802183569814e-03 9.611762358058998507e-03 9.664926559428138261e-03 9.718211174018985890e-03 9.771614956282379319e-03 9.825136647408050719e-03
8.022904062364527578e-03 8.071894028482448635e-03 8.121038032265824255e-03 8.170335249999912189e-03 8.219784844724640008e-03 8.269385966214223838e-03 8.319137750957820987e-03 8.369039322141258105e-03 8.419089789629873033e-03 8.469288249952387077e-03 8.519633786285951693e-03 8.570125468442230804e-03 8.620762352854640168e-03 8.671543482566710856e-03 8.722467887221538665e-03 8.773534583052451305e-03 8.824742572874738969e-03 8.876090846078583604e-03 8.927578378623153912e-03 8.979204133031845267e-03 9.030967058388714858e-03 9.082866090336086037e-03 9.134900151073356567e-03 9.187068149356991675e-03 9.239368980501740103e-03 9.291801526383036691e-03 9.344364655440629691e-03 9.397057222683462274e-03 9.449878069695744065e-03 9.502826024644271674e-03 9.555899902287006906e-03 9.609098503982893558e-03 9.662420617702933631e-03 9.715865018042495194e-03 9.769430466234969856e-03 9.823115710166589049e-03 9.876919484392589904e-03
8.065044225140968748e-03 8.114291510196092877e-03 8.163693641996809525e-03 8.213249792501819968e-03 8.262959120354941567e-03 8.312820770864594658e-03 8.362833875984354570e-03 8.412997554294605190e-03 8.463310910985257646e-03 8.513773037839577479e-03 8.564383013219115104e-03 8.615139902049732609e-03 8.666042755808782416e-03 8.717090612513396161e-03 8.768282496709895943e-03 8.819617419464381713e-03 8.871094378354446239e-03 8.922712357462076610e-03 8.974470327367671182e-03 9.026367245145303780e-03 9.078402054359112003e-03 9.130573685060898101e-03 9.182881053788938958e-03 9.235323063567949659e-03 9.287898603910348105e-03 9.340606550818628118e-03 9.393445766789057863e-03 9.446415100816523205e-03 9.499513388400663422e-03 9.552739451553262859e-03 9.606092098806810059e-03 9.659570125224406500e-03 9.713172312410896583e-03 9.766897428525236208e-03 9.820744228294205763e-03 9.874711453027333954e-03 9.928797830633143487e-03
8.107260866579561395e-03 8.156765937570750052e-03 8.206426665856041483e-03 8.256242219059725662e-03 8.306211751421536948e-03 8.356334403775981384e-03 8.406609303532833199e-03 8.457035564658673885e-03 8.507612287659498118e-03 8.558338559564506245e-03 8.609213453910904632e-03 8.660236030729894299e-03 8.711405336533764587e-03 8.762720404304123051e-03 8.814180253481268545e-03 8.865783889954698821e-03 8.917530306054818542e-03 8.969418480545743658e-03 9.021447378619382521e-03 9.073615951890582135e-03 9.125923138393533807e-03 9.178367862579389636e-03 9.230949035315010043e-03 9.283665553882986324e-03 9.336516301982851485e-03 9.389500149733517528e-03 9.442615953676963478e-03 9.495862556783113417e-03 9.549238788456015578e-03 9.602743464541239199e-03 9.656375387334508245e-03 9.710133345591674334e-03 9.764016114539846719e-03 9.818022455889901384e-03 9.872151117850197499e-03 9.926400835141634821e-03 9.980770329013932338e-03
8.149552874420819618e-03 8.199316191555191743e-03 8.249235977979179138e-03 8.299311396974946159e-03 8.349541598370261580e-03 8.399925718517746095e-03 8.450462880275259533e-03 8.501152192987328909e-03 8.551992752467697106e-03 8.602983640982983515e-03 8.654123927237449693e-03 8.705412666358906468e-03 8.756848899885698312e-03 8.808431655754945383e-03 8.860159948291779566e-03 8.912032778199869415e-03 8.964049132553051843e-03 9.016207984788110474e-03 9.068508294698804720e-03 9.120949008431022964e-03 9.173529058479156992e-03 9.226247363683685518e-03 9.279102829229937330e-03 9.332094346648120778e-03 9.385220793814515530e-03 9.438481034953953228e-03 9.491873920643482954e-03 9.545398287817315197e-03 9.599052959773023488e-03 9.652836746178946464e-03 9.706748443082944752e-03 9.760786832922311446e-03 9.814950684535070358e-03 9.869238753172483378e-03 9.923649780512864074e-03 9.978182494676714892e-03 1.003283561024307172e-02
8.191919126542684948e-03 8.241941143175373491e-03 8.292120442518669324e-03 8.342456183504983608e-03 8.392947511542365319e-03 8.443593558493686299e-03 8.494393442656901841e-03 8.545346268746371182e-03 8.596451127875338535e-03 8.647707097539498317e-03 8.699113241601681007e-03 8.750668610277678727e-03 8.802372240123186239e-03 8.854223154021956255e-03 8.906220361174992106e-03 8.958362857091024117e-03 9.010649623578094458e-03 9.063079628736288654e-03 9.115651826951764666e-03 9.168365158891836689e-03 9.221218551501365185e-03 9.274210918000316134e-03 9.327341157882515499e-03 9.380608156915685655e-03 9.434010787142633678e-03 9.487547906883749341e-03 9.541218360740696611e-03 9.595020979601373221e-03 9.648954580646155674e-03 9.703017967355318657e-03 9.757209929517854374e-03 9.811529243241448942e-03 9.865974670963804927e-03 9.920544961465230238e-03 9.975238849882540199e-03 1.003005505772423291e-02 1.008499229288696737e-02
8.234358490989485829e-03 8.284639653563614578e-03 8.335078913673079140e-03 8.385675425893019189e-03 8.436428331204157138e-03 8.487336756971868706e-03 8.538399816926316860e-03 8.589616611143720271e-03 8.640986226028704240e-03 8.692507734297803476e-03 8.744180194964064692e-03 8.796002653322783707e-03 8.847974140938418691e-03 8.900093675632610168e-03 8.952360261473415320e-03 9.004772888765645578e-03 9.057330534042454945e-03 9.110032160058050693e-03 9.162876715781623563e-03 9.215863136392471455e-03 9.268990343276358249e-03 9.322257244023017531e-03 9.375662732424972987e-03 9.429205688477498501e-03 9.482884978379870627e-03 9.536699454537840570e-03 9.590647955567382921e-03 9.644729306299646560e-03 9.698942317787239559e-03 9.753285787311721453e-03 9.807758498392401755e-03 9.862359220796427378e-03 9.917086710550141598e-03 9.971939709951737132e-03 1.002691694758523454e-02 1.008201713833572176e-02 1.013723898340595370e-02
8.276869826001922309e-03 8.327410573988724973e-03 8.378110235717408510e-03 8.428967961398456388e-03 8.479982887577753106e-03 8.531154137115543740e-03 8.582480819166462063e-03 8.633962029160708804e-03 8.685596848786321031e-03 8.737384345972560445e-03 8.789323574874467401e-03 8.841413575858500865e-03 8.893653375489397883e-03 8.946041986518138076e-03 8.998578407871087731e-03 9.051261624640342604e-03 9.104090608075220831e-03 9.157064315574968416e-03 9.210181690682635661e-03 9.263441663080206057e-03 9.316843148584892653e-03 9.370385049146685158e-03 9.424066252847099201e-03 9.477885633899186743e-03 9.531842052648785077e-03 9.585934355576987073e-03 9.640161375303912469e-03 9.694521930593696935e-03 9.749014826360785646e-03 9.803638853677501888e-03 9.858392789782852508e-03 9.913275398092693397e-03 9.968285428211133559e-03 1.002342161594325237e-02 1.007868268330916126e-02 1.013406733855931607e-02 1.018957427619119997e-02
8.319451980048091569e-03 8.370252745887247700e-03 8.421213243034542453e-03 8.472332617328518986e-03 8.523610000872847842e-03 8.575044512015126894e-03 8.626635255326848759e-03 8.678381321584464556e-03 8.730281787751540540e-03 8.782335716962113431e-03 8.834542158505100454e-03 8.886900147809937561e-03 8.939408706433305332e-03 8.992066842047057029e-03 9.044873548427336679e-03 9.097827805444810845e-03 9.150928579056171949e-03 9.204174821296774375e-03 9.257565470274503952e-03 9.311099450164860014e-03 9.364775671207239624e-03 9.418593029702474265e-03 9.472550408011575634e-03 9.526646674555742586e-03 9.580880683817611862e-03 9.635251276343740484e-03 9.689757278748420410e-03 9.744397503718653722e-03 9.799170750020520793e-03 9.854075802506738480e-03 9.909111432125562724e-03 9.964276395930981786e-03 1.001956943709414807e-02 1.007498928491624458e-02 1.013053465484252055e-02 1.018620424847774611e-02 1.024199675360296449e-02
8.362103791855564697e-03 8.413165000895722959e-03 8.464386760147676533e-03 8.515768211070903759e-03 8.567308481319568444e-03 8.619006684721250422e-03 8.670861921256812349e-03 8.722873277041316015e-03 8.775039824306161626e-03 8.827360621382292216e-03 8.879834712684565520e-03 8.932461128697295055e-03 8.985238885960910096e-03 9.038166987059859450e-03 9.091244420611599431e-03 9.144470161256856855e-03 9.197843169651033490e-03 9.251362392456812661e-03 9.305026762338032206e-03 9.358835197954686741e-03 9.412786603959237899e-03 9.466879870994125007e-03 9.521113875690486589e-03 9.575487480668205473e-03 9.629999534537112688e-03 9.684648871899544445e-03 9.739434313354118633e-03 9.794354665500770718e-03 9.849408720947158344e-03 9.904595258316214318e-03 9.959913042255163704e-03 1.001536082344569450e-02 1.007093733861551960e-02 1.012664131055124317e-02 1.018247144811251781e-02 1.023842644624756680e-02 1.029450498600998666e-02
8.404824090444474802e-03 8.456146160883965326e-03 8.507629601753836923e-03 8.559273550127472277e-03 8.611077129202379665e-03 8.663039448278878410e-03 8.715159602739797409e-03 8.767436674031358484e-03 8.819869729645182094e-03 8.872457823101399799e-03 8.925199993932989712e-03 8.978095267671199614e-03 9.031142655832167035e-03 9.084341155904746695e-03 9.137689751339439503e-03 9.191187411538626062e-03 9.244833091847901724e-03 9.298625733548669323e-03 9.352564263851947945e-03 9.406647595893394276e-03 9.460874628729567734e-03 9.515244247335408190e-03 9.569755322603006042e-03 9.624406711341581405e-03 9.679197256278755657e-03 9.734125786063091076e-03 9.789191115267863869e-03 9.844392044396185065e-03 9.899727359887380840e-03 9.955195834124623555e-03 1.001079622544396273e-02 1.006652727814456513e-02 1.012238772250036688e-02 1.017837627477291042e-02 1.023449163722570283e-02 1.029073249813970692e-02 1.034709753183029636e-02
8.447611695161642495e-03 8.499195037989421692e-03 8.550940572758432626e-03 8.602847432149028639e-03 8.654914734895073278e-03 8.707141585762471353e-03 8.759527075528791146e-03 8.812070280964047139e-03 8.864770264812601649e-03 8.917626075776220046e-03 8.970636748498295177e-03 9.023801303549206301e-03 9.077118747412888863e-03 9.130588072474563055e-03 9.184208257009650669e-03 9.237978265173914932e-03 9.291897046994793824e-03 9.345963538363919951e-03 9.400176661030917175e-03 9.454535322598395936e-03 9.509038416518178494e-03 9.563684822088804396e-03 9.618473404454248518e-03 9.673403014603934938e-03 9.728472489374001553e-03 9.783680651449841448e-03 9.839026309369917553e-03 9.894508257530899159e-03 9.950125276194063048e-03 1.000587613149298699e-02 1.006175957544261541e-02 1.011777434594954110e-02 1.017391916682371111e-02 1.023019274779139037e-02 1.028659378450950609e-02 1.034312095858126723e-02 1.039977293757320814e-02
