upland/rainfall/rainfall_2.asc
ncols 76
nrows 55
xllcorner 0.0
yllcorner 0.0
cellsize 10.0
[rows 0 to 16 of 55, columns 37 to 73 of 76]
0.000000000000000000e+00 0.000000000000000000e+00 0.000000000000000000e+00 0.000000000000000000e+00 0.000000000000000000e+00 0.000000000000000000e+00 0.000000000000000000e+00 0.000000000000000000e+00 0.000000000000000000e+00 0.000000000000000000e+00 0.000000000000000000e+00 0.000000000000000000e+00 0.000000000000000000e+00 0.000000000000000000e+00 0.000000000000000000e+00 0.000000000000000000e+00 0.000000000000000000e+00 0.000000000000000000e+00 0.000000000000000000e+00 0.000000000000000000e+00 0.000000000000000000e+00 0.000000000000000000e+00 0.000000000000000000e+00 0.000000000000000000e+00 0.000000000000000000e+00 0.000000000000000000e+00 0.000000000000000000e+00 0.000000000000000000e+00 0.000000000000000000e+00 0.000000000000000000e+00 0.000000000000000000e+00 0.000000000000000000e+00 0.000000000000000000e+00 0.000000000000000000e+00 0.000000000000000000e+00 0.000000000000000000e+00 0.000000000000000000e+00
0.000000000000000000e+00 0.000000000000000000e+00 0.000000000000000000e+00 0.000000000000000000e+00 0.000000000000000000e+00 0.000000000000000000e+00 0.000000000000000000e+00 0.000000000000000000e+00 0.000000000000000000e+00 0.000000000000000000e+00 0.000000000000000000e+00 0.000000000000000000e+00 0.000000000000000000e+00 0.000000000000000000e+00 0.000000000000000000e+00 0.000000000000000000e+00 0.000000000000000000e+00 0.000000000000000000e+00 0.000000000000000000e+00 0.000000000000000000e+00 0.000000000000000000e+00 0.000000000000000000e+00 0.000000000000000000e+00 0.000000000000000000e+00 0.000000000000000000e+00 0.000000000000000000e+00 0.000000000000000000e+00 0.000000000000000000e+00 0.000000000000000000e+00 0.000000000000000000e+00 0.000000000000000000e+00 0.000000000000000000e+00 0.000000000000000000e+00 0.000000000000000000e+00 0.000000000000000000e+00 0.000000000000000000e+00 0.000000000000000000e+00
7.157490923467646829e-03 7.201196448936270089e-03 0.000000000000000000e+00 7.289019030887805214e-03 7.333134605829265927e-03 0.000000000000000000e+00 7.421770531057383241e-03 7.466289328744089328e-03 7.510940961616719216e-03 7.555724623659484940e-03 0.000000000000000000e+00 0.000000000000000000e+00 0.000000000000000000e+00 0.000000000000000000e+00 0.000000000000000000e+00 0.000000000000000000e+00 0.000000000000000000e+00 0.000000000000000000e+00 0.000000000000000000e+00 0.000000000000000000e+00 0.000000000000000000e+00 0.000000000000000000e+00 0.000000000000000000e+00 0.000000000000000000e+00 0.000000000000000000e+00 0.000000000000000000e+00 0.000000000000000000e+00 0.000000000000000000e+00 0.000000000000000000e+00 0.000000000000000000e+00 0.000000000000000000e+00 0.000000000000000000e+00 0.000000000000000000e+00 0.000000000000000000e+00 0.000000000000000000e+00 0.000000000000000000e+00 0.000000000000000000e+00
7.197785822528747317e-03 7.241737399268131405e-03 7.285827171617975835e-03 7.330054400578748901e-03 7.374418335267821090e-03 7.418918212901162886e-03 7.463553258775984522e-03 7.508322686254370604e-03 7.553225696747841930e-03 7.598261479702935611e-03 7.643429212587743611e-03 7.688728060879466975e-03 0.000000000000000000e+00 0.000000000000000000e+00 0.000000000000000000e+00 0.000000000000000000e+00 0.000000000000000000e+00 0.000000000000000000e+00 0.000000000000000000e+00 0.000000000000000000e+00 0.000000000000000000e+00 0.000000000000000000e+00 0.000000000000000000e+00 0.000000000000000000e+00 0.000000000000000000e+00 0.000000000000000000e+00 0.000000000000000000e+00 0.000000000000000000e+00 0.000000000000000000e+00 0.000000000000000000e+00 0.000000000000000000e+00 0.000000000000000000e+00 0.000000000000000000e+00 0.000000000000000000e+00 0.000000000000000000e+00 0.000000000000000000e+00 0.000000000000000000e+00
7.238178238980553722e-03 7.282376462457578435e-03 7.326713657068923899e-03 7.371189079667957340e-03 7.415801975158250667e-03 7.460551576475200203e-03 7.505437104568551954e-03 7.550457768385940814e-03 7.595612764857397753e-03 7.640901278880793748e-03 7.686322483308360987e-03 7.731875538934130862e-03 7.777559594482421484e-03 0.000000000000000000e+00 7.869317239833275440e-03 7.915389066646447147e-03 0.000000000000000000e+00 0.000000000000000000e+00 0.000000000000000000e+00 0.000000000000000000e+00 0.000000000000000000e+00 0.000000000000000000e+00 0.000000000000000000e+00 0.000000000000000000e+00 0.000000000000000000e+00 0.000000000000000000e+00 0.000000000000000000e+00 0.000000000000000000e+00 0.000000000000000000e+00 0.000000000000000000e+00 0.000000000000000000e+00 0.000000000000000000e+00 0.000000000000000000e+00 0.000000000000000000e+00 0.000000000000000000e+00 0.000000000000000000e+00 0.000000000000000000e+00
7.278667272569172043e-03 7.323112732753532007e-03 7.367697941451099679e-03 7.412422151358211662e-03 7.457284603154576419e-03 7.502284525484765633e-03 7.547421134940666618e-03 7.592693636044915706e-03 7.638101221235306555e-03 7.683643070850189848e-03 7.729318353114888671e-03 7.775126224129059321e-03 7.821065827855149324e-03 7.867136296107812149e-03 7.913336748544351484e-03 7.959666292656233239e-03 8.006124023761600206e-03 8.052709024998876142e-03 0.000000000000000000e+00 0.000000000000000000e+00 0.000000000000000000e+00 0.000000000000000000e+00 0.000000000000000000e+00 0.000000000000000000e+00 0.000000000000000000e+00 0.000000000000000000e+00 0.000000000000000000e+00 0.000000000000000000e+00 0.000000000000000000e+00 0.000000000000000000e+00 0.000000000000000000e+00 0.000000000000000000e+00 0.000000000000000000e+00 0.000000000000000000e+00 0.000000000000000000e+00 0.000000000000000000e+00 0.000000000000000000e+00
7.319252012803291463e-03 7.363945294104981901e-03 7.408779103136309274e-03 7.453752688426754959e-03 7.498865286422171962e-03 7.544116121466180012e-03 7.589504405782491331e-03 7.635029339458291112e-03 7.680690110428524398e-03 7.726485894461230727e-03 7.772415855143887525e-03 7.818479143870692843e-03 7.864674899830960061e-03 7.911002249998466684e-03 7.957460309121866526e-03 8.004048179716130584e-03 8.050764952055035686e-03 8.097609704164716524e-03 8.144581501818249844e-03 0.000000000000000000e+00 0.000000000000000000e+00 0.000000000000000000e+00 0.000000000000000000e+00 0.000000000000000000e+00 0.000000000000000000e+00 0.000000000000000000e+00 0.000000000000000000e+00 0.000000000000000000e+00 0.000000000000000000e+00 0.000000000000000000e+00 0.000000000000000000e+00 0.000000000000000000e+00 0.000000000000000000e+00 0.000000000000000000e+00 0.000000000000000000e+00 0.000000000000000000e+00 0.000000000000000000e+00
7.359931538962161471e-03 7.404873220169015148e-03 7.449956210141797826e-03 7.495179753233405587e-03 7.540543081645957602e-03 7.586045415412053308e-03 7.631685962377052213e-03 7.677463918182313857e-03 7.723378466249421377e-03 7.769428777765442426e-03 7.815614011669155467e-03 7.861933314638327314e-03 7.908385821077978592e-03 7.954970653109710854e-03 8.001686920562063252e-03 8.048533720961885754e-03 8.095510139526812185e-03 8.142615249158751539e-03 8.189848110438465237e-03 8.237207771621214702e-03 8.284693268633458452e-03 8.332303625070713177e-03 8.380037852196401890e-03 0.000000000000000000e+00 0.000000000000000000e+00 0.000000000000000000e+00 0.000000000000000000e+00 0.000000000000000000e+00 0.000000000000000000e+00 0.000000000000000000e+00 0.000000000000000000e+00 0.000000000000000000e+00 0.000000000000000000e+00 0.000000000000000000e+00 0.000000000000000000e+00 0.000000000000000000e+00 0.000000000000000000e+00
7.400704920104556050e-03 7.445895574319833995e-03 7.491228320139316915e-03 7.536702397729693088e-03 7.582317035039544059e-03 7.628071447780515081e-03 7.673964839409505578e-03 7.719996401111789419e-03 7.766165311785182095e-03 7.812470738025194955e-03 7.858911834111203393e-03 7.905487741993644582e-03 7.952197591282211819e-03 7.999040499235145207e-03 8.046015570749503326e-03 8.093121898352517371e-03 8.140358562194013881e-03 8.187724630039843604e-03 8.235219157266479573e-03 8.282841186856586616e-03 8.330589749395758345e-03 8.378463863070301915e-03 8.426462533666124327e-03 0.000000000000000000e+00 0.000000000000000000e+00 0.000000000000000000e+00 0.000000000000000000e+00 0.000000000000000000e+00 0.000000000000000000e+00 0.000000000000000000e+00 0.000000000000000000e+00 0.000000000000000000e+00 0.000000000000000000e+00 0.000000000000000000e+00 0.000000000000000000e+00 0.000000000000000000e+00 0.000000000000000000e+00
7.441571215078671142e-03 7.487011409658706276e-03 7.532594480465153002e-03 7.578319663468943874e-03 7.624186182355416168e-03 7.670193248505442415e-03 7.716340060977435258e-03 7.762625806490440830e-03 7.809049659408200984e-03 7.855610781724201713e-03 7.902308323047802299e-03 7.949141420591327237e-03 7.996109199158234551e-03 8.043210771132300665e-03 8.090445236467874723e-03 8.137811682681184156e-03 8.185309184842670671e-03 8.232936805570459024e-03 8.280693595024844061e-03 8.328578590903907078e-03 8.376590818440185146e-03 8.424729290398450671e-03 8.472993007074630656e-03 8.521380956295770276e-03 0.000000000000000000e+00 0.000000000000000000e+00 0.000000000000000000e+00 0.000000000000000000e+00 0.000000000000000000e+00 0.000000000000000000e+00 0.000000000000000000e+00 0.000000000000000000e+00 0.000000000000000000e+00 0.000000000000000000e+00 0.000000000000000000e+00 0.000000000000000000e+00 0.000000000000000000e+00
7.482529472533023911e-03 7.528219769024950547e-03 7.574053728131153324e-03 7.620030581617354831e-03 7.666149548896083674e-03 7.712409837007661029e-03 7.758810640602130035e-03 7.805351141922265909e-03 7.852030510787510673e-03 7.898847904578992080e-03 7.945802468225534806e-03 7.992893334190693394e-03 8.040119622460858984e-03 8.087480440534393009e-03 8.134974883411810395e-03 8.182602033587040025e-03 8.230360961039736439e-03 8.278250723228694832e-03 8.326270365086305136e-03 8.374418919014164908e-03 8.422695404879703557e-03 8.471098830013977510e-03 8.519628189210559990e-03 8.568282464725520201e-03 8.617060626278557831e-03 0.000000000000000000e+00 0.000000000000000000e+00 0.000000000000000000e+00 0.000000000000000000e+00 0.000000000000000000e+00 0.000000000000000000e+00 0.000000000000000000e+00 0.000000000000000000e+00 0.000000000000000000e+00 0.000000000000000000e+00 0.000000000000000000e+00 0.000000000000000000e+00
7.523578730928310448e-03 7.569519685007852772e-03 7.615605089836729319e-03 7.661834172966106894e-03 7.708206149526219964e-03 7.754720222207185480e-03 7.801375581240894974e-03 7.848171404383891964e-03 7.895106856901234690e-03 7.942181091551443056e-03 7.989393248572396189e-03 8.036742455668339363e-03 8.084227827997897062e-03 8.131848468163145952e-03 8.179603466199777267e-03 8.227491899568256661e-03 8.275512833146139377e-03 8.323665319221422790e-03 8.371948397486990087e-03 8.420361095036176316e-03 8.468902426359387406e-03 8.517571393341891867e-03 8.566366985262675871e-03 8.615288178794460600e-03 8.664333938004815938e-03 0.000000000000000000e+00 0.000000000000000000e+00 0.000000000000000000e+00 0.000000000000000000e+00 0.000000000000000000e+00 0.000000000000000000e+00 0.000000000000000000e+00 0.000000000000000000e+00 0.000000000000000000e+00 0.000000000000000000e+00 0.000000000000000000e+00 0.000000000000000000e+00
7.564718018550240126e-03 7.610910179959583070e-03 7.657247581981843632e-03 7.703729447944422312e-03 7.750354988685826015e-03 7.797123402536451642e-03 7.844033875300349817e-03 7.891085580237985203e-03 7.938277678050055866e-03 7.985609316862313581e-03 8.033079632211420629e-03 8.080687747031875187e-03 8.128432771643934185e-03 8.176313803742679340e-03 8.224329928388049438e-03 8.272480217996031407e-03 8.320763732330893961e-03 8.369179518498486361e-03 8.417726610940699447e-03 8.466404031430953617e-03 8.515210789070852548e-03 8.564145880287919385e-03 8.613208288834474369e-03 8.662396985787638309e-03 8.711710929550442808e-03 8.761149065854140910e-03 0.000000000000000000e+00 0.000000000000000000e+00 0.000000000000000000e+00 0.000000000000000000e+00 0.000000000000000000e+00 0.000000000000000000e+00 0.000000000000000000e+00 0.000000000000000000e+00 0.000000000000000000e+00 0.000000000000000000e+00 0.000000000000000000e+00
7.605946353523367412e-03 7.652390266009093459e-03 7.698980210681018004e-03 7.745715406633607233e-03 7.792595060404378798e-03 7.839618365954556176e-03 7.886784504650761266e-03 7.934092645247661085e-03 7.981541943871701267e-03 8.029131544005845694e-03 8.076860576475365650e-03 8.124728159434674996e-03 8.172733398355213133e-03 8.220875386014410424e-03 8.269153202485723941e-03 8.317565915129717519e-03 8.366112578586305804e-03 8.414792234767983631e-03 8.463603912854269704e-03 8.512546629287170291e-03 8.561619387767813866e-03 8.610821179254171676e-03 8.660150981959926705e-03 8.709607761354484085e-03 8.759190470164089984e-03 8.808898048374149206e-03 8.858729423232639122e-03 0.000000000000000000e+00 0.000000000000000000e+00 0.000000000000000000e+00 0.000000000000000000e+00 0.000000000000000000e+00 0.000000000000000000e+00 0.000000000000000000e+00 0.000000000000000000e+00 0.000000000000000000e+00 0.000000000000000000e+00
7.647262743825880386e-03 7.693958945077032131e-03 7.740801971778298735e-03 7.787791038782180229e-03 7.834925348316009244e-03 7.882204089962520366e-03 7.929626440641410895e-03 7.977191564591925091e-03 8.024898613356505270e-03 8.072746725765397868e-03 8.120735027922426977e-03 8.168862633191711561e-03 8.217128642185505052e-03 8.265532142753110462e-03 8.314072209970817251e-03 8.362747906133002201e-03 8.411558280744260707e-03 8.460502370512650028e-03 8.509579199344077458e-03 8.558787778337744942e-03 8.608127105782773306e-03 8.657596167155891601e-03 8.707193935120328618e-03 8.756919369525790336e-03 8.806771417409616984e-03 8.856749012999088483e-03 8.906851077714864409e-03 8.957076520175646928e-03 0.000000000000000000e+00 0.000000000000000000e+00 0.000000000000000000e+00 0.000000000000000000e+00 0.000000000000000000e+00 0.000000000000000000e+00 0.000000000000000000e+00 0.000000000000000000e+00 0.000000000000000000e+00
7.688666187305402341e-03 7.735615208891614449e-03 7.782711850863262976e-03 7.829955323821930629e-03 7.877344825675688944e-03 7.924879541619559223e-03 7.972558644116943191e-03 8.020381292882166474e-03 8.068346634863969233e-03 8.116453804230117433e-03 8.164701922353016783e-03 8.213090097796398731e-03 8.261617426303113215e-03 8.310282990783918883e-03 8.359085861307451182e-03 8.408025095091186188e-03 8.457099736493594450e-03 8.506308817007340872e-03 8.555651355253591356e-03 8.605126356977497309e-03 8.654732815044764369e-03 8.704469709439336539e-03 8.754336007262292912e-03 8.804330662731797361e-03 8.854452617184292024e-03 8.904700799076802759e-03 8.955074123990396442e-03 9.005571494634875135e-03 9.056191800854571788e-03 9.106933919635405369e-03 0.000000000000000000e+00 0.000000000000000000e+00 0.000000000000000000e+00 0.000000000000000000e+00 0.000000000000000000e+00 0.000000000000000000e+00 0.000000000000000000e+00
7.730155671695783902e-03 7.777358039005533019e-03 7.824708823287999937e-03 7.872207230885016824e-03 7.919852455376429068e-03 7.967643677560401830e-03 8.015580065434811663e-03 8.063660774179635601e-03 8.111884946140389754e-03 8.160251710812650369e-03 8.208760184827579298e-03 8.257409471938557954e-03 8.306198663008884653e-03 8.355126836000544011e-03 8.404193055964076162e-03 8.453396375029531909e-03 8.502735832398567589e-03 8.552210454337582507e-03 8.601819254172056797e-03 8.651561232281954408e-03 8.701435376098281410e-03 8.751440660100799629e-03 8.801576045816857444e-03 8.851840481821394990e-03 8.902232903738109895e-03 8.952752234241762724e-03 9.003397383061717552e-03 9.054167246986568468e-03 9.105060709870061927e-03 9.156076642638101559e-03 0.000000000000000000e+00 0.000000000000000000e+00 0.000000000000000000e+00 0.000000000000000000e+00 0.000000000000000000e+00 0.000000000000000000e+00 0.000000000000000000e+00
