upland/rainfall/rainfall_4.asc
ncols 76
nrows 55
xllcorner 0.0
yllcorner 0.0
cellsize 10.0
[rows 17 to 33 of 55, columns 37 to 73 of 76]
5.247956356017953634e-03 5.310828378310806369e-03 5.374184857674052171e-03 5.438025199016268720e-03 5.502348727139546279e-03 5.567154685923752198e-03 5.632442237521519471e-03 5.698210461564257728e-03 5.764458354379607338e-03 5.831184828220658395e-03 5.898388710507410787e-03 5.966068743080634937e-03 6.034223581468770720e-03 6.102851794168032834e-03 6.171951861936154568e-03 6.241522177100181090e-03 6.311561042878612374e-03 6.382066672718295607e-03 6.453037189646479953e-03 6.524470625638271321e-03 6.596364920999988474e-03 6.668717923768718858e-03 6.741527389128418486e-03 6.814790978842966140e-03 6.888506260706452056e-03 6.962670708011172056e-03 7.037281699033542254e-03 7.112336516538401814e-03 7.187832347301951856e-03 7.263766281653781520e-03 7.340135313038219714e-03 7.416936337595414139e-03 7.494166153762439435e-03 7.571821461894799599e-03 7.649898863908611776e-03 7.728394862943823579e-03 7.807305863048783975e-03
5.335370980120231373e-03 5.399290254680909340e-03 5.463702055859404744e-03 5.528605778651923992e-03 5.594000736613862802e-03 5.659886161030478272e-03 5.726261200098480171e-03 5.793124918118789518e-03 5.860476294700985717e-03 5.928314223979700738e-03 5.996637513843374075e-03 6.065444885175777859e-03 6.134734971110631339e-03 6.204506316299754007e-03 6.274757376195024515e-03 6.345486516344655409e-03 6.416692011704057744e-03 6.488372045961657286e-03 6.560524710880175775e-03 6.633148005653543774e-03 6.706239836279999367e-03 6.779798014951622480e-03 6.853820259460716852e-03 6.928304192623419532e-03 7.003247341720846703e-03 7.078647137958197361e-03 7.154500915942133173e-03 7.230805913176803143e-03 7.307559269578866104e-03 7.384758027011848434e-03 7.462399128840220379e-03 7.540479419503475465e-03 7.618995644110610269e-03 7.697944448055325448e-03 7.777322376652233415e-03 7.857125874794475967e-03 7.937351286633018144e-03
5.423970402264869164e-03 5.488951123313726144e-03 5.554432549900645624e-03 5.620414066975113615e-03 5.686894976693395061e-03 5.753874497575438285e-03 5.821351763672850434e-03 5.889325823748309090e-03 5.957795640466733572e-03 6.026760089598701652e-03 6.096217959236396172e-03 6.166167949022521334e-03 6.236608669392554663e-03 6.307538640830730181e-03 6.378956293140091924e-03 6.450859964727070558e-03 6.523247901900895360e-03 6.596118258188244862e-03 6.669469093663563802e-03 6.743298374295297014e-03 6.817603971308594524e-03 6.892383660564691678e-03 6.967635121957446546e-03 7.043355938827368552e-03 7.119543597393484385e-03 7.196195486203467093e-03 7.273308895602332777e-03 7.350881017220096958e-03 7.428908943478727128e-03 7.507389667118807841e-03 7.586320080746168995e-03 7.665696976398921406e-03 7.745517045135191965e-03 7.825776876641921814e-03 7.906472958865059728e-03 7.987601677661470764e-03 8.069159316472927085e-03
5.513765362257944461e-03 5.579821852681292327e-03 5.646387337927198484e-03 5.713461192762860769e-03 5.781042707791591087e-03 5.849131088595766609e-03 5.917725454891069672e-03 5.986824839692209826e-03 6.056428188490815823e-03 6.126534358445634605e-03 6.197142117585437149e-03 6.268250144025253046e-03 6.339857025196029248e-03 6.411961257088305381e-03 6.484561243510197914e-03 6.557655295360091327e-03 6.631241629914510702e-03 6.705318370131387387e-03 6.779883543969281515e-03 6.854935083722833722e-03 6.930470825374878893e-03 7.006488507965570600e-03 7.082985772978931706e-03 7.159960163747161599e-03 7.237409124873118126e-03 7.315330001671356726e-03 7.393720039627966166e-03 7.472576383879818429e-03 7.551896078713335111e-03 7.631676067083280335e-03 7.711913190151931455e-03 7.792604186848919000e-03 7.873745693452149572e-03 7.955334243190115284e-03 8.037366265865989595e-03 8.119838087503739379e-03 8.202745930016739836e-03
5.604766597133125673e-03 5.671913308450019647e-03 5.739577415229389981e-03 5.807758281919359056e-03 5.876455187415092173e-03 5.945667324187606413e-03 6.015393797424024337e-03 6.085633624179597780e-03 6.156385732541957978e-03 6.227648960807942446e-03 6.299422056673440080e-03 6.371703676436586694e-03 6.444492384214771559e-03 6.517786651175789744e-03 6.591584854783621647e-03 6.665885278059096447e-03 6.740686108855998941e-03 6.815985439152861744e-03 6.891781264360938124e-03 6.968071482648692874e-03 7.044853894283211945e-03 7.122126200988935889e-03 7.199886005324053657e-03 7.278130810075004314e-03 7.356858017669432731e-03 7.436064929607960963e-03 7.515748745915169955e-03 7.595906564610201833e-03 7.676535381197276825e-03 7.757632088176560220e-03 7.839193474575687284e-03 7.921216225502365066e-03 8.003696921718395432e-03 8.086632039235370009e-03 8.170017948932607743e-03 8.253850916197411416e-03 8.338127100588208634e-03
5.696984838940320414e-03 5.765236351242847279e-03 5.834013771993906174e-03 5.903316455184533761e-03 5.973143667845183004e-03 6.043494589160151170e-03 6.114368309593725889e-03 6.185763830028244425e-03 6.257680060914573572e-03 6.330115821435437773e-03 6.403069838681879969e-03 6.476540746843395535e-03 6.550527086412014262e-03 6.625027303400848194e-03 6.700039748577401102e-03 6.775562676712134844e-03 6.851594245842611806e-03 6.928132516553653190e-03 7.005175451273944198e-03 7.082720913589376707e-03 7.160766667573655042e-03 7.239310377136442404e-03 7.318349605389530207e-03 7.397881814031373807e-03 7.477904362750351953e-03 7.558414508647219240e-03 7.639409405677060304e-03 7.720886104111159519e-03 7.802841550019154818e-03 7.885272584771832113e-03 7.968175944564981003e-03 8.051548259964610987e-03 8.135386055473930664e-03 8.219685749122487145e-03 8.304443652077697288e-03 8.389655968279275539e-03 8.475318794096809924e-03
5.790430812498959662e-03 5.859801834365629958e-03 5.929707391003057396e-03 6.000146825805996106e-03 6.071119393782213255e-03 6.142624260652396542e-03 6.214660501961993995e-03 6.287227102205098818e-03 6.360322953961036752e-03 6.433946857043918756e-03 6.508097517665643872e-03 6.582773547612713085e-03 6.657973463437280928e-03 6.733695685662860302e-03 6.809938538005085550e-03 6.886700246607922390e-03 6.963978939295758369e-03 7.041772644841771088e-03 7.120079292252947181e-03 7.198896710072207397e-03 7.278222625698012489e-03 7.358054664721822014e-03 7.438390350283862265e-03 7.519227102447576319e-03 7.600562237593070161e-03 7.682392967830143846e-03 7.764716400431029980e-03 7.847529537283477047e-03 7.930829274364403075e-03 8.014612401234520386e-03 8.098875600554399784e-03 8.183615447622199709e-03 8.268828409933589446e-03 8.354510846764084953e-03 8.440659008774277841e-03 8.527269037638219445e-03 8.614336965695371107e-03
5.885115233116210154e-03 5.955620601497974703e-03 6.026669245298086654e-03 6.098260497174553575e-03 6.170393599953119881e-03 6.243067705712462140e-03 6.316281874881434638e-03 6.390035075348713019e-03 6.464326181585214152e-03 6.539153973779758024e-03 6.614517136988372348e-03 6.690414260297662327e-03 6.766843836002621113e-03 6.843804258799356284e-03 6.921293824993105318e-03 6.999310731721952901e-03 7.077853076196703730e-03 7.156918854957267269e-03 7.236505963146004639e-03 7.316612193798442687e-03 7.397235237151730813e-03 7.478372679971290703e-03 7.560022004896037144e-03 7.642180589802603612e-03 7.724845707188877919e-03 7.808014523577407398e-03 7.891684098938899980e-03 7.975851386136337262e-03 8.060513230390024819e-03 8.145666368763961399e-03 8.231307429673991038e-03 8.317432932417954949e-03 8.404039286728458985e-03 8.491122792348320888e-03 8.578679638629392937e-03 8.666705904154843251e-03 8.755197556385450885e-03
5.981048804269967559e-03 6.052703484348520915e-03 6.124910295806424397e-03 6.197668560423310984e-03 6.270977508682188013e-03 6.344836278839712136e-03 6.419243916008753915e-03 6.494199371253481928e-03 6.569701500697499794e-03 6.645749064645426439e-03 6.722340726718324666e-03 6.799475053003422101e-03 6.877150511218525254e-03 6.955365469891614146e-03 7.034118197555891579e-03 7.113406861960911570e-03 7.193229529300003769e-03 7.273584163454575868e-03 7.354468625255593250e-03 7.435880671762727656e-03 7.517817955561581673e-03 7.600278024079303030e-03 7.683258318919175024e-03 7.766756175214460656e-03 7.850768821001895964e-03 7.935293376615354735e-03 8.020326854099984679e-03 8.105866156647224471e-03 8.191908078051139686e-03 8.278449302186456638e-03 8.365486402508635899e-03 8.453015841576426090e-03 8.541033970597274386e-03 8.629537028995932016e-03 8.718521144006672816e-03 8.807982330289438819e-03 8.897916489570370860e-03
6.078242215256966091e-03 6.151061300274840785e-03 6.224441488933258292e-03 6.298382091990618187e-03 6.372882327425091233e-03 6.447941319489813514e-03 6.523558097780526345e-03 6.599731596315942111e-03 6.676460652631412834e-03 6.753744006886233664e-03 6.831580300984988093e-03 6.909968077713504742e-03 6.988905779889652975e-03 7.068391749529617449e-03 7.148424227029871042e-03 7.229001350365476739e-03 7.310121154304963058e-03 7.391781569642345492e-03 7.473980422446606202e-03 7.556715433329127228e-03 7.639984216729471880e-03 7.723784280219942767e-03 7.808113023829273830e-03 7.892967739386035769e-03 7.978345609881936154e-03 8.064243708855611814e-03 8.150658999797256998e-03 8.237588335574468068e-03 8.325028457879730601e-03 8.412975996699973910e-03 8.501427469808524318e-03 8.590379282279911669e-03 8.679827726027851756e-03 8.769768979366909453e-03 8.860199106598009092e-03 8.951114057618411377e-03 9.042509667556389297e-03
6.176706138806046208e-03 6.250704849868133489e-03 6.325273754117370292e-03 6.400412151146863543e-03 6.476119246266495710e-03 6.552394149542813476e-03 6.629235874851591159e-03 6.706643338943266662e-03 6.784615360521967231e-03 6.863150659338301124e-03 6.942247855296519721e-03 7.021905467576443002e-03 7.102121913770506612e-03 7.182895509036545459e-03 7.264224465266496886e-03 7.346106890271720744e-03 7.428540786985161903e-03 7.511524052680923318e-03 7.595054478211591374e-03 7.679129747263806205e-03 7.763747435632462925e-03 7.848905010514006103e-03 7.934599829819187836e-03 8.020829141505795082e-03 8.107590082931675005e-03 8.194879680228521479e-03 8.282694847696867729e-03 8.371032387222632903e-03 8.459888987715649331e-03 8.549261224570628426e-03 8.639145559150887901e-03 8.729538338295291314e-03 8.820435793848767705e-03 8.911834042216825943e-03 9.003729083944398554e-03 9.096116803319488631e-03 9.188992968001900852e-03
6.276451228656739108e-03 6.351644914502773027e-03 6.427418001351485610e-03 6.503769777485398501e-03 6.580699435381260308e-03 6.658206070734465007e-03 6.736288681496250923e-03 6.814946166924129578e-03 6.894177326645949469e-03 6.973980859738097837e-03 7.054355363818241159e-03 7.135299334153018085e-03 7.216811162781238201e-03 7.298889137652900608e-03 7.381531441784521495e-03 7.464736152431277263e-03 7.548501240276307526e-03 7.632824568637660255e-03 7.717703892693296257e-03 7.803136858724672546e-03 7.889121003379193434e-03 7.975653752952092251e-03 8.062732422688113215e-03 8.150354216103444446e-03 8.238516224328282928e-03 8.327215425470570892e-03 8.416448684001133496e-03 8.506212750160859620e-03 8.596504259390153058e-03 8.687319731781184898e-03 8.778655571553278456e-03 8.870508066551896845e-03 8.962873387771576675e-03 9.055747588903246756e-03 9.149126605906309981e-03 9.243006256605817983e-03 9.337382240315232965e-03
6.377488117103364933e-03 6.453892253851022803e-03 6.530885118667294903e-03 6.608465988377639280e-03 6.686634042459483306e-03 6.765388362050922880e-03 6.844727928972452885e-03 6.924651624762068018e-03 7.005158229724302993e-03 7.086246421993581610e-03 7.167914776612322250e-03 7.250161764624317613e-03 7.332985752183784206e-03 7.416384999680515275e-03 7.500357660881654120e-03 7.584901782090459899e-03 7.670015301322592391e-03 7.755696047500267899e-03 7.841941739664829228e-03 7.928749986208093181e-03 8.016118284122970838e-03 8.104044018273789951e-03 8.192524460686708906e-03 8.281556769860750483e-03 8.371137990099784126e-03 8.461265050866025733e-03 8.551934766155259646e-03 8.643143833894492353e-03 8.734888835362206172e-03 8.827166234631809646e-03 8.919972378038560495e-03 9.013303493670493660e-03 9.107155690883699667e-03 9.201524959842310655e-03 9.296407171083719695e-03 9.391798075109281455e-03 9.487693302000986886e-03
6.479827412504820736e-03 6.557457603362954260e-03 6.635685969585353519e-03 6.714511776392722078e-03 6.793934190095587446e-03 6.873952277087111949e-03 6.954565002849097052e-03 7.035771230971631270e-03 7.117569722186841384e-03 7.199959133417227486e-03 7.282938016838972142e-03 7.366504818960769273e-03 7.450657879718575183e-03 7.535395431586730183e-03 7.620715598705949528e-03 7.706616396028607811e-03 7.793095728481781725e-03 7.880151390148481400e-03 7.967781063467608074e-03 8.055982318452933888e-03 8.144752611931722203e-03 8.234089286803306790e-03 8.323989571318173714e-03 8.414450578377891121e-03 8.505469304856395213e-03 8.597042630943097299e-03 8.689167319508101645e-03 8.781840015490191553e-03 8.875057245307758913e-03 8.968815416293325973e-03 9.063110816151950799e-03 9.157939612443960486e-03 9.253297852092412859e-03 9.349181460915786251e-03 9.445586243186147174e-03 9.542507881213314544e-03 9.639941934955381306e-03
6.583479696760236900e-03 6.662351671711895691e-03 6.741831390530025198e-03 6.821918106681687521e-03 6.902610973141595080e-03 6.983909041368796360e-03 7.065811260296780624e-03 7.148316475337458675e-03 7.231423427399442938e-03 7.315130751921160301e-03 7.399436977919192360e-03 7.484340527052357403e-03 7.569839712701980847e-03 7.655932739068790384e-03 7.742617700286988369e-03 7.829892579555819757e-03 7.917755248289269632e-03 8.006203465284175702e-03 8.095234875907377642e-03 8.184847011302230288e-03 8.275037287615026257e-03 8.365803005241725238e-03 8.457141348095494754e-03 8.549049382895437116e-03 8.641524058477045508e-03 8.734562205124776074e-03 8.828160533927122827e-03 8.922315636154802554e-03 9.017023982662282153e-03 9.112281923313243423e-03 9.208085686430323574e-03 9.304431378269556463e-03 9.401314982520022831e-03 9.498732359828955876e-03 9.596679247352952677e-03 9.695151258335407696e-03 9.794143881710848376e-03
6.688455522750740533e-03 6.768585138205513579e-03 6.849332188209691398e-03 6.930695914326618495e-03 7.012675456024903067e-03 7.095269849638777271e-03 7.178478027342130585e-03 7.262298816136559740e-03 7.346730936854040626e-03 7.431773003174608171e-03 7.517423520659502999e-03 7.603680885800357357e-03 7.690543385084788915e-03 7.778009194078897709e-03 7.866076376527201403e-03 7.954742883470374004e-03 8.044006552381363986e-03 8.133865106320274305e-03 8.224316153108509123e-03 8.315357184522661690e-03 8.406985575508596140e-03 8.499198583416179426e-03 8.591993347255098834e-03 8.685366886972301081e-03 8.779316102751424239e-03 8.873837774334727285e-03 8.968928560367888519e-03 9.064584997768278252e-03 9.160803501116931286e-03 9.257580362074871450e-03 9.354911748824050119e-03 9.452793705533433025e-03 9.551222151850646477e-03 9.650192882419540361e-03 9.749701566424214330e-03 9.849743747159744878e-03 9.950314841630173573e-03
6.794765411747552206e-03 6.876168650162866464e-03 6.958199136962514228e-03 7.040856101654844115e-03 7.124138670030708345e-03 7.208045863107326659e-03 7.292576596085986393e-03 7.377729677324021927e-03 7.463503807321629491e-03 7.549897577723929318e-03 7.636909470338753940e-03 7.724537856170726399e-03 7.812780994471966653e-03 7.901637031810057610e-03 7.991104001153628150e-03 8.081179820976105641e-03 8.171862294378077693e-03 8.263149108228732415e-03 8.355037832326920114e-03 8.447525918582193816e-03 8.540610700216395845e-03 8.634289390986241500e-03 8.728559084427310946e-03 8.823416753120004452e-03 8.918859247977809629e-03 9.014883297558489578e-03 9.111485507398448674e-03 9.208662359370975090e-03 9.306410211068536983e-03 9.404725295209826266e-03 9.503603719071830949e-03 9.603041463947435685e-03 9.703034384628940814e-03 9.803578208918044615e-03 9.904668537162526418e-03 1.000630084182021172e-02 1.010847046705055582e-02
