upland/rainfall/rainfall_4.asc
ncols 76
nrows 55
xllcorner 0.0
yllcorner 0.0
cellsize 10.0
[rows 34 to 50 of 55, columns 37 to 73 of 76]
6.902419850786642441e-03 6.985112820257631701e-03 7.068442976067965469e-03 7.152409535518522085e-03 7.237011610549423310e-03 7.322248206667156430e-03 7.408118221885734607e-03 7.494620445682435850e-03 7.581753557968532592e-03 7.669516128075531437e-03 7.757906613757453024e-03 7.846923360209544923e-03 7.936564599103988760e-03 8.026828447643085535e-03 8.117712907630351971e-03 8.209215864560050896e-03 8.301335086725690829e-03 8.394068224347845178e-03 8.487412808721903415e-03 8.581366251386151472e-03 8.675925843310726068e-03 8.771088754107843680e-03 8.866852031263843664e-03 8.963212599393508700e-03 9.060167259517045921e-03 9.157712688360356706e-03 9.255845437678886581e-03 9.354561933605648472e-03 9.453858476023804455e-03 9.553731237964239661e-03 9.654176265028697329e-03 9.755189474838724811e-03 9.856766656511091462e-03 9.958903470159909121e-03 1.006159544642606235e-02 1.016483798603420863e-02 0.000000000000000000e+00
7.011429290010211604e-03 7.095428223827708082e-03 7.180074407024332472e-03 7.265367044539840571e-03 7.351305234289298718e-03 7.437887966073215146e-03 7.525114120502017501e-03 7.612982467935287649e-03 7.701491667436218685e-03 7.790640265741881343e-03 7.880426696249701393e-03 7.970849278020714426e-03 8.061906214800020412e-03 8.153595594055026985e-03 8.245915386031865690e-03 8.338863442830574471e-03 8.432437497499467929e-03 8.526635163149207108e-03 8.621453932087104824e-03 8.716891174972051654e-03 8.812944139990662798e-03 8.909609952055036128e-03 9.006885612022667853e-03 9.104767995938990721e-03 9.203253854302949344e-03 9.302339811356205926e-03 9.402022364396318138e-03 9.502297883114470267e-03 9.603162608958125401e-03 9.704612654519113868e-03 9.806644002947643643e-03 9.909252507392538045e-03 1.001243389046837379e-02 1.011618374374976745e-02 1.022049752729329783e-02 1.032537056918759674e-02 0.000000000000000000e+00
7.121804139975322807e-03 7.207125396151623647e-03 7.293104090792631999e-03 7.379739416322170058e-03 7.467030456454555945e-03 7.554976185087606405e-03 7.643575465210173878e-03 7.732827047824670716e-03 7.822729570885087955e-03 7.913281558251040321e-03 8.004481418658284178e-03 8.096327444706298213e-03 8.188817811863287680e-03 8.281950577489326920e-03 8.375723679877896885e-03 8.470134937316497678e-03 8.565182047166795820e-03 8.660862584964724303e-03 8.757174003541163404e-03 8.854113632163566547e-03 8.951678675699136639e-03 9.049866213799967474e-03 9.148673200110646331e-03 9.248096461498893708e-03 9.348132697309592329e-03 9.448778478642750125e-03 9.550030247655933238e-03 9.651884316891517698e-03 9.754336868629333995e-03 9.857383954265124329e-03 9.961021493715296535e-03 1.006524527484840663e-02 1.017005095294387478e-02 1.027543405017826775e-02 1.038138995513979666e-02 1.048791392237123990e-02 0.000000000000000000e+00
7.233554768929904670e-03 7.320214829691878804e-03 7.407542645007084668e-03 7.495537394627389827e-03 7.584198147889365145e-03 7.673523862589916832e-03 7.763513383876666230e-03 7.854165443153577827e-03 7.945478657002336825e-03 8.037451526119924680e-03 8.130082434273044889e-03 8.223369647269771973e-03 8.317311311948977909e-03 8.411905455188110198e-03 8.507149982929715359e-03 8.603042679227320202e-03 8.699581205311106291e-03 8.796763098673927514e-03 8.894585772178175559e-03 8.993046513183937385e-03 9.092142482699055311e-03 9.191870714551434937e-03 9.292228114584298246e-03 9.393211459874671598e-03 9.494817397975738316e-03 9.597042446183493003e-03 9.699882990828188542e-03 9.803335286591059738e-03 9.907395455846807614e-03 1.001205948803228843e-02 1.011732323904195388e-02 1.022318243065038074e-02 1.032963264996250574e-02 1.043666934889187284e-02 1.054428784366746863e-02 1.065248331436950691e-02 0.000000000000000000e+00
7.346691500056452655e-03 7.434706971305668835e-03 7.523400641152542048e-03 7.612771676519807136e-03 7.702819132187956400e-03 7.793541949653272870e-03 7.884938956000857660e-03 7.977008862793151869e-03 8.069750264974412737e-03 8.163161639791713040e-03 8.257241345732989346e-03 8.351987621482606650e-03 8.447398584894998813e-03 8.543472231986889640e-03 8.640206435948641003e-03 8.737598946175161724e-03 8.835647387317001680e-03 8.934349258352075260e-03 9.033701931678522409e-03 9.133702652229269345e-03 9.234348536608778107e-03 9.335636572252411711e-03 9.437563616609093153e-03 9.540126396347584428e-03 9.643321506586964922e-03 9.747145410151867792e-03 9.851594436852764008e-03 9.956664782792069499e-03 1.006235250969633212e-02 1.016865354427499285e-02 1.027556367760646544e-02 1.038307856455153791e-02 1.049119372319506568e-02 1.059990453431605868e-02 1.070920624088676949e-02 1.081909394760124585e-02 0.000000000000000000e+00
7.461224608683815832e-03 7.550612219423221728e-03 7.640688601709160442e-03 7.731452909476907616e-03 7.822904182771208206e-03 7.915041346586529705e-03 8.007863209722531489e-03 8.101368463655216068e-03 8.195555681424375460e-03 8.290423316537743822e-03 8.385969701892483433e-03 8.482193048714488023e-03 8.579091445515997852e-03 8.676662857072142340e-03 8.774905123416833555e-03 8.873815958858614211e-03 8.973392951016919902e-03 9.073633559879334953e-03 9.174535116880350172e-03 9.276094824002073524e-03 9.378309752897528648e-03 9.481176844036952323e-03 9.584692905877659902e-03 9.688854614057997375e-03 9.793658510615791193e-03 9.899101003231967205e-03 1.000517836449966134e-02 1.011188673121947088e-02 1.021922210372120353e-02 1.032718034521274038e-02 1.043575718115641315e-02 1.054494819867337653e-02 1.065474884597654957e-02 1.076515443183240217e-02 1.087616012505230462e-02 1.098776095401368669e-02 0.000000000000000000e+00
7.577164319467314529e-03 7.667940921194169382e-03 7.759416997264758503e-03 7.851591688467390515e-03 7.944464019930104481e-03 8.038032899942884613e-03 8.132297118795378185e-03 8.227255347630479249e-03 8.322906137314487612e-03 8.419247917324259450e-03 8.516278994651885551e-03 8.613997552727573753e-03 8.712401650361013133e-03 8.811489220702061267e-03 8.911258070220978364e-03 9.011705877709025314e-03 9.112830193299741380e-03 9.214628437511557246e-03 9.317097900312201406e-03 9.420235740205487943e-03 9.524038983340950629e-03 9.628504522646911395e-03 9.733629116987404725e-03 9.839409390343631032e-03 9.945841831020280771e-03 1.005292279087733644e-02 1.016064848458790755e-02 1.026901498892245600e-02 1.037801824206005356e-02 1.048765404292712096e-02 1.059791805056408721e-02 1.070880578352055058e-02 1.082031261927934168e-02 1.093243379371004395e-02 1.104516440055233230e-02 1.115849939092978214e-02 1.127243357289437614e-02
7.694520803537634700e-03 7.786703369602252303e-03 7.879596243595066857e-03 7.973198552996770688e-03 8.067509307836402688e-03 8.162527399495354483e-03 8.258251599527047238e-03 8.354680558492814241e-03 8.451812804814499286e-03 8.549646743644416166e-03 8.648180655753061330e-03 8.747412696435259705e-03 8.847340894435212072e-03 8.947963150891006037e-03 9.049277238299145709e-03 9.151280799499577137e-03 9.253971346681875640e-03 9.357346260412985339e-03 9.461402788687182236e-03 9.566138045998666753e-03 9.671549012437451881e-03 9.777632532808958055e-03 9.884385315777944464e-03 9.991803933037208749e-03 1.009988481850165876e-02 1.020862426752826638e-02 1.031801843616228162e-02 1.042806334041050317e-02 1.053875485554179453e-02 1.065008871541556906e-02 1.076206051183871415e-02 1.087466569395130478e-02 1.098789956764180398e-02 1.110175729499205885e-02 1.121623389375274622e-02 1.133132423684950381e-02 1.144702305192049803e-02
7.813304175618799099e-03 7.906909800548783673e-03 8.001236698712421366e-03 8.096283984120974941e-03 8.192050651520911206e-03 8.288535575179428044e-03 8.385737507685940909e-03 8.483655078769952035e-03 8.582286794135971994e-03 8.681631034316017459e-03 8.781686053540158771e-03 8.882449978625779966e-03 8.983920807886014437e-03 9.086096410057992873e-03 9.188974523251351029e-03 9.292552753917630512e-03 9.396828575841089520e-03 9.501799329151440487e-03 9.607462219359156480e-03 9.713814316413741864e-03 9.820852553785652458e-03 9.928573727572324870e-03 1.003697449562885799e-02 1.014605137672392951e-02 1.025580074972136900e-02 1.036621885278808490e-02 1.047730178262870106e-02 1.058904549374751342e-02 1.070144579773827515e-02 1.081449836260230460e-02 1.092819871209544692e-02 1.104254222510435077e-02 1.115752413505262212e-02 1.127313952933724737e-02 1.138938334879592909e-02 1.150625038720563646e-02 0.000000000000000000e+00
7.933524491115659383e-03 8.028570389905259619e-03 8.124348659883201887e-03 8.220858401428379411e-03 8.318098593819803557e-03 8.416068094003461772e-03 8.514765635375343145e-03 8.614189826581110376e-03 8.714339150333129391e-03 8.815211962245290273e-03 8.916806489686162490e-03 9.019120830651185250e-03 9.122152952654312766e-03 9.225900691639744161e-03 9.330361750914277497e-03 9.435533700100843038e-03 9.541413974113784752e-03 9.647999872156408710e-03 9.755288556741454134e-03 9.863277052734854833e-03 9.971962246423562992e-03 1.008134088460778399e-02 1.019140957371832829e-02 1.030216477895948279e-02 1.041360282347805755e-02 1.052571988755907767e-02 1.063851200784864809e-02 1.075197507660458074e-02 1.086610484097522318e-02 1.098089690230710271e-02 1.109634671548179533e-02 1.121244958828266150e-02 1.132920068079181983e-02 1.144659500481791554e-02 0.000000000000000000e+00 0.000000000000000000e+00 0.000000000000000000e+00
8.055191743171314159e-03 8.151695250535495596e-03 8.248942360614444982e-03 8.346932159990612388e-03 8.445663612289390151e-03 8.545135556927084888e-03 8.645346707875232323e-03 8.746295652441933230e-03 8.847980850070668452e-03 8.950400631157272996e-03 9.053553195885539334e-03 9.157436613082065718e-03 9.262048819090939328e-03 9.367387616668741701e-03 9.473450673900551261e-03 9.580235523137423451e-03 9.687739559955971247e-03 9.795960042140521365e-03 9.904894088688553921e-03 1.001453867883983669e-02 1.012489065112991485e-02 1.023594670246845070e-02 1.034770338724301519e-02 1.046015711644885868e-02 1.057330415684514663e-02 1.068714063013837499e-02 1.080166251219328785e-02 1.091686563227202769e-02 1.103274567230190517e-02 1.114929816617239548e-02 1.126651849906188350e-02 1.138440190679464691e-02 0.000000000000000000e+00 0.000000000000000000e+00 0.000000000000000000e+00 0.000000000000000000e+00 0.000000000000000000e+00
8.178315859694839859e-03 8.276294429287765070e-03 8.375027967610098115e-03 8.474515547282644723e-03 8.574756116089755215e-03 8.675748495708124342e-03 8.777491380452275699e-03 8.879983336037216429e-03 8.983222798358926620e-03 9.087208072293241970e-03 9.191937330513634541e-03 9.297408612328608019e-03 9.403619822539127301e-03 9.510568730316774563e-03 9.618252968103167821e-03 9.726670030531184979e-03 9.835817273368654273e-03 9.945691912484982966e-03 1.005629102284132798e-02 1.016761153750494855e-02 1.027965024668820240e-02 1.039240379681281336e-02 1.050586868959995854e-02 1.062004128118668698e-02 1.073491778126937218e-02 1.085049425227454720e-02 1.096676660855778335e-02 1.108373061563123520e-02 1.120138188942019705e-02 1.131971589554935272e-02 1.143872794865926842e-02 1.155841321175347068e-02 0.000000000000000000e+00 0.000000000000000000e+00 0.000000000000000000e+00 0.000000000000000000e+00 0.000000000000000000e+00
8.302906700359796721e-03 8.402377903957347280e-03 8.502615577697342913e-03 8.603618780072631866e-03 8.705386442837798402e-03 8.807917369718620479e-03 8.911210235138428831e-03 9.015263582961917377e-03 9.120075825257053723e-03 9.225645241075650094e-03 9.331969975253167141e-03 9.439048037228356045e-03 9.546877299883309645e-03 9.655455498404533210e-03 9.764780229165560474e-03 9.874848948631784543e-03 9.985658972288031024e-03 1.009720747358944584e-02 1.020949148293630142e-02 1.032250788667331449e-02 1.043625342611400122e-02 1.055072469659069576e-02 1.066591814653078396e-02 1.078183007655965191e-02 1.089845663863107592e-02 1.101579383518545147e-02 1.113383751833646462e-02 1.125258338908684611e-02 1.137202699657361045e-02 1.149216373734347416e-02 1.161298885465885528e-02 0.000000000000000000e+00 0.000000000000000000e+00 0.000000000000000000e+00 0.000000000000000000e+00 0.000000000000000000e+00 0.000000000000000000e+00
8.428974053574029429e-03 8.529955580220007980e-03 8.631715214723483659e-03 8.734252001281887431e-03 8.837564855430093957e-03 0.000000000000000000e+00 0.000000000000000000e+00 0.000000000000000000e+00 0.000000000000000000e+00 0.000000000000000000e+00 0.000000000000000000e+00 9.582366015601367568e-03 9.691832506064911382e-03 0.000000000000000000e+00 0.000000000000000000e+00 0.000000000000000000e+00 0.000000000000000000e+00 0.000000000000000000e+00 1.036450750507963633e-02 1.047923989568763301e-02 1.059471249284614849e-02 1.071092184019265155e-02 1.082786433222914652e-02 1.094553621341151639e-02 1.106393357726663876e-02 1.118305236553786795e-02 1.130288836735938995e-02 1.142343721846001206e-02 1.154469440039698758e-02 1.166665523982038898e-02 0.000000000000000000e+00 0.000000000000000000e+00 0.000000000000000000e+00 0.000000000000000000e+00 0.000000000000000000e+00 0.000000000000000000e+00 0.000000000000000000e+00
8.556527633421061665e-03 8.659037288536801727e-03 8.762336826423810371e-03 8.866425276815609324e-03 8.971301538836125994e-03 0.000000000000000000e+00 0.000000000000000000e+00 0.000000000000000000e+00 0.000000000000000000e+00 0.000000000000000000e+00 0.000000000000000000e+00 0.000000000000000000e+00 0.000000000000000000e+00 0.000000000000000000e+00 0.000000000000000000e+00 0.000000000000000000e+00 0.000000000000000000e+00 0.000000000000000000e+00 0.000000000000000000e+00 0.000000000000000000e+00 0.000000000000000000e+00 0.000000000000000000e+00 1.099171972541169474e-02 1.111117230607145540e-02 1.123136134795383809e-02 1.135228273138961207e-02 1.147393218179096515e-02 1.159630526884327002e-02 1.171939740572730190e-02 0.000000000000000000e+00 0.000000000000000000e+00 0.000000000000000000e+00 0.000000000000000000e+00 0.000000000000000000e+00 0.000000000000000000e+00 0.000000000000000000e+00 0.000000000000000000e+00
0.000000000000000000e+00 8.789632781030794206e-03 8.894490281261104372e-03 9.000148592364766095e-03 0.000000000000000000e+00 0.000000000000000000e+00 0.000000000000000000e+00 0.000000000000000000e+00 0.000000000000000000e+00 0.000000000000000000e+00 0.000000000000000000e+00 0.000000000000000000e+00 0.000000000000000000e+00 0.000000000000000000e+00 0.000000000000000000e+00 0.000000000000000000e+00 0.000000000000000000e+00 0.000000000000000000e+00 0.000000000000000000e+00 0.000000000000000000e+00 0.000000000000000000e+00 0.000000000000000000e+00 0.000000000000000000e+00 1.127875086834627394e-02 1.140075259986076534e-02 1.152349771809483767e-02 1.164698188399139120e-02 1.177120060041784641e-02 1.189614921137664011e-02 0.000000000000000000e+00 0.000000000000000000e+00 0.000000000000000000e+00 0.000000000000000000e+00 0.000000000000000000e+00 0.000000000000000000e+00 0.000000000000000000e+00 0.000000000000000000e+00
0.000000000000000000e+00 0.000000000000000000e+00 0.000000000000000000e+00 0.000000000000000000e+00 0.000000000000000000e+00 0.000000000000000000e+00 0.000000000000000000e+00 0.000000000000000000e+00 0.000000000000000000e+00 0.000000000000000000e+00 0.000000000000000000e+00 0.000000000000000000e+00 0.000000000000000000e+00 0.000000000000000000e+00 0.000000000000000000e+00 0.000000000000000000e+00 0.000000000000000000e+00 0.000000000000000000e+00 0.000000000000000000e+00 0.000000000000000000e+00 0.000000000000000000e+00 0.000000000000000000e+00 0.000000000000000000e+00 0.000000000000000000e+00 1.157211987645886606e-02 1.169671000417307413e-02 1.182205028834140692e-02 1.194813616423388153e-02 0.000000000000000000e+00 0.000000000000000000e+00 0.000000000000000000e+00 0.000000000000000000e+00 0.000000000000000000e+00 0.000000000000000000e+00 0.000000000000000000e+00 0.000000000000000000e+00 0.000000000000000000e+00
