upland/rainfall/rainfall_2.asc
ncols 76
nrows 55
xllcorner 0.0
yllcorner 0.0
cellsize 10.0
[rows 34 to 50 of 55, columns 37 to 73 of 76]
8.490465415715785572e-03 8.542310434652564816e-03 8.594318468310843326e-03 8.646488644971153659e-03 8.698820078896805225e-03 8.751311870312281777e-03 8.803963105382783816e-03 8.856772856194884691e-03 8.909740180738364573e-03 8.962864122889170268e-03 9.016143712393551168e-03 9.069577964853357474e-03 9.123165881712533634e-03 9.176906450244801811e-03 9.230798643542488524e-03 9.284841420506652343e-03 9.339033725838332203e-03 9.393374490031077689e-03 9.447862629364676273e-03 9.502497045900134762e-03 9.557276627475892392e-03 9.612200247705302014e-03 9.667266765975349868e-03 9.722475027446672927e-03 9.777823863054807899e-03 9.833312089512779436e-03 9.888938509314909586e-03 9.944701910741987269e-03 1.000060106786769369e-02 1.005663474056636003e-02 1.011280167452203657e-02 1.016910060123888890e-02 1.022553023805289688e-02 1.028208928814491538e-02 1.033877644055509679e-02 1.039559037019859022e-02 0.000000000000000000e+00
8.533384052213701873e-03 8.585491143653352017e-03 8.637762073841117466e-03 8.690195966651069470e-03 8.742791931869185740e-03 8.795549065171661199e-03 8.848466448104323756e-03 8.901543148063226218e-03 8.954778218276355367e-03 9.008170697786522380e-03 9.061719611435424190e-03 9.115423969848858443e-03 9.169282769423152749e-03 9.223294992312756208e-03 9.277459606419079935e-03 9.331775565380492909e-03 9.386241808563591110e-03 9.440857261055648000e-03 9.495620833658333093e-03 9.550531422882651764e-03 9.605587910945163552e-03 9.660789165765413036e-03 9.716134040964692978e-03 9.771621375866004419e-03 9.827249995495362933e-03 9.883018710584366012e-03 9.938926317574040686e-03 9.994971598620021672e-03 1.005115332159904271e-02 1.010747024011668729e-02 1.016392109351654804e-02 1.022050460689062634e-02 1.027721949109114581e-02 1.033406444274364774e-02 1.039103814426147951e-02 1.044813926386158227e-02 0.000000000000000000e+00
8.576366395197572781e-03 8.628735948148674381e-03 8.681270165097669522e-03 8.733968165505607423e-03 8.786829054674500511e-03 8.839851923725484256e-03 8.893035849578177429e-03 8.946379894931136972e-03 8.999883108243494217e-03 9.053544523717756837e-03 9.107363161283778263e-03 9.161338026583927541e-03 9.215468110959398884e-03 9.269752391437803204e-03 9.324189830721904548e-03 9.378779377179588192e-03 9.433519964835086410e-03 9.488410513361359572e-03 9.543449928073835520e-03 9.598637099925286936e-03 9.653970905502037500e-03 9.709450207021385823e-03 9.765073852330342571e-03 9.820840674905646078e-03 9.876749493854988793e-03 9.932799113919678347e-03 9.988988325478457414e-03 1.004531590455272697e-02 1.010178061281305495e-02 1.015838119758698602e-02 1.021511639186822341e-02 1.027198491432711885e-02 1.032898546932249292e-02 1.038611674691484327e-02 1.044337742288087116e-02 1.050076615872940107e-02 0.000000000000000000e+00
8.619411225683252034e-03 8.672043621710954359e-03 8.724841508186070155e-03 8.777804000150223745e-03 8.830930198414917165e-03 8.884219189539632744e-03 8.937670045811037245e-03 8.991281825223369079e-03 9.045053571459968703e-03 9.098984313875999042e-03 9.153073067482342048e-03 9.207318832930669675e-03 9.261720596499720473e-03 9.316277330082811323e-03 9.370987991176481929e-03 9.425851522870488941e-03 9.480866853838912020e-03 9.536032898332560959e-03 9.591348556172623122e-03 9.646812712745561624e-03 9.702424238999274655e-03 9.758181991440528086e-03 9.814084812133680447e-03 9.870131528700660378e-03 9.926320954322274612e-03 9.982651887740815258e-03 1.003912311326392477e-02 1.009573340076985390e-02 1.015248150571398771e-02 1.020936616913669520e-02 1.026638611767257542e-02 1.032354006356096983e-02 1.038082670465788684e-02 1.043824472444921346e-02 1.049579279206538235e-02 1.055346956229729835e-02 0.000000000000000000e+00
8.662517315199630072e-03 8.715412928367714807e-03 8.768474859608894542e-03 8.821702219539061252e-03 8.875094104472845344e-03 8.928649596401563859e-03 8.982367762972343073e-03 9.036247657468403360e-03 9.090288318790501129e-03 9.144488771439562499e-03 9.198848025500491396e-03 9.253365076627164190e-03 9.308038906028655995e-03 9.362868480456665657e-03 9.417852752194135965e-03 9.472990659045154097e-03 9.528281124326045542e-03 9.583723056857748265e-03 9.639315350959390752e-03 9.695056886443209274e-03 9.750946528610649963e-03 9.806983128249818771e-03 9.863165521634183891e-03 9.919492530522544538e-03 9.975962962160387498e-03 1.003257560928243718e-02 1.008932925011661423e-02 1.014622264838926924e-02 1.020325455333173995e-02 1.026042369968831018e-02 1.031772880772539869e-02 1.037516858324219644e-02 1.043274171758262411e-02 1.049044688764862177e-02 1.054828275591488014e-02 1.060624797044485215e-02 0.000000000000000000e+00
8.705683425829030542e-03 8.758842622642232234e-03 8.812168966306594201e-03 8.865661563006128204e-03 8.919319504552313330e-03 8.973141868361953974e-03 9.027127717436165405e-03 9.081276100340608323e-03 9.135586051186779868e-03 9.190056589614619548e-03 9.244686720776180283e-03 9.299475435320597033e-03 9.354421709380222882e-03 9.409524504557970764e-03 9.464782767915931941e-03 9.520195431965163685e-03 9.575761414656786680e-03 9.631479619374282847e-03 9.687348934927078603e-03 9.743368235545418754e-03 9.799536380876439079e-03 9.855852215981616288e-03 9.912314571335463509e-03 9.968922262825507738e-03 1.002567409175361517e-02 1.008256884483860021e-02 1.013960529422019627e-02 1.019678219746427035e-02 1.025409829756948957e-02 1.031155232297523497e-02 1.036914298757089965e-02 1.042686899070656079e-02 1.048472901720497868e-02 1.054272173737498888e-02 1.060084580702625942e-02 1.065909986748542378e-02 0.000000000000000000e+00
8.748908310248684067e-03 8.802331449595256901e-03 8.855922565699487700e-03 8.909680760307485056e-03 8.963605120721446218e-03 9.017694719777424872e-03 9.071948615824221296e-03 9.126365852703479872e-03 9.180945459730952343e-03 9.235686451678937203e-03 9.290587828759945543e-03 9.345648576611555181e-03 9.400867666282472154e-03 9.456244054219830816e-03 9.511776682257741186e-03 9.567464477607038470e-03 9.623306352846323214e-03 9.679301205914234846e-03 9.735447920102989830e-03 9.791745364053222600e-03 9.848192391750078961e-03 9.904787842520605332e-03 9.961530541032459843e-03 1.001841929729390193e-02 1.007545290665508991e-02 1.013263014981074898e-02 1.018994979280410038e-02 1.024741058703218348e-02 1.030501126925246862e-02 1.036275056159087493e-02 1.042062717155108412e-02 1.047863979202527315e-02 1.053678710130616543e-02 1.059506776310050261e-02 1.065348042654387477e-02 1.071202372621690713e-02 1.077069628216293165e-02
8.792190711773220299e-03 8.845878144867752937e-03 8.899734385730766195e-03 8.953758531664548354e-03 9.007949665456016150e-03 9.062306855354373275e-03 9.116829155049906847e-03 9.171515603653980844e-03 9.226365225680200483e-03 9.281377031026766602e-03 9.336550014960058250e-03 9.391883158099427822e-03 9.447375426403170628e-03 9.503025771155788545e-03 9.558833128956455844e-03 9.614796421708730542e-03 9.670914556611540785e-03 9.727186426151432364e-03 9.783610908096070438e-03 9.840186865489063128e-03 9.896913146646009810e-03 9.953788585151904234e-03 1.001081199985982134e-02 1.006798219489092941e-02 1.012529795963575986e-02 1.018275806875692385e-02 1.024036128219304835e-02 1.029810634516410348e-02 1.035599198817807425e-02 1.041401692703900449e-02 1.047217986285637475e-02 1.053047948205586629e-02 1.058891445639148846e-02 1.064748344295909574e-02 1.070618508421131154e-02 1.076501800797379470e-02 1.082398082746297528e-02
8.835529364398209476e-03 8.889481434724748679e-03 8.943603144910593564e-03 8.997893587808430266e-03 9.052351841684042055e-03 9.106976970193823850e-03 9.161768022363490221e-03 9.216724032567971681e-03 9.271844020512481910e-03 9.327126991214795826e-03 9.382571934988745421e-03 9.438177827428917768e-03 9.493943629396598555e-03 9.549868287006928191e-03 9.605950731617348554e-03 9.662189879817236274e-03 9.718584633418871771e-03 9.775133879449617383e-03 9.831836490145410418e-03 9.888691322945539902e-03 9.945697220488707024e-03 1.000285301061037448e-02 1.006015750634150704e-02 1.011760950590849355e-02 1.017520779273453115e-02 1.023295113544225865e-02 1.029083828785776027e-02 1.034886798901591895e-02 1.040703896316711938e-02 1.046534991978532482e-02 1.052379955357748628e-02 1.058238654449438973e-02 1.064110955774282517e-02 1.069996724379917996e-02 1.075895823842441638e-02 1.081808116268045961e-02 0.000000000000000000e+00
8.878922992844786449e-03 8.933140036100175804e-03 8.987527552361224831e-03 9.042084630025377934e-03 9.096810342831527368e-03 9.151703749837437549e-03 9.206763895398342029e-03 9.261989809146728772e-03 9.317380505973318905e-03 9.372934986009273661e-03 9.428652234609584404e-03 9.484531222337708178e-03 9.540570904951445330e-03 9.596770223390040100e-03 9.653128103762530221e-03 9.709643457337388886e-03 9.766315180533393162e-03 9.823142154911815999e-03 9.880123247169832548e-03 9.937257309135321195e-03 9.994543177762866756e-03 1.005197967513113411e-02 1.010956560844156193e-02 1.016729977001830376e-02 1.022518093730963307e-02 1.028320787289056099e-02 1.034137932446689209e-02 1.039969402488055868e-02 1.045815069211641739e-02 1.051674802931030703e-02 1.057548472475854442e-02 1.063435945192879421e-02 1.069337086947232812e-02 1.075251762123766337e-02 0.000000000000000000e+00 0.000000000000000000e+00 0.000000000000000000e+00
8.922370312605289525e-03 8.976852656642846442e-03 9.031506307863269509e-03 9.086330350203244977e-03 9.141323852869190011e-03 9.196485870314548630e-03 9.251815442218284599e-03 9.307311593464581700e-03 9.362973334123709732e-03 9.418799659434163793e-03 9.474789549785958900e-03 9.530941970705213498e-03 9.587255872839921256e-03 9.643730191947003094e-03 9.700363848880635964e-03 9.757155749581773382e-03 9.814104785069043338e-03 9.871209831430832748e-03 9.928469749818735410e-03 9.985883386442257620e-03 1.004344957256484566e-02 1.010116712450123168e-02 1.015903484361611007e-02 1.021705151632412364e-02 1.027521591409119930e-02 1.033352679343725947e-02 1.039198289594023793e-02 1.045058294824148179e-02 1.050932566205253771e-02 1.056820973416328600e-02 1.062723384645147297e-02 1.068639666589364656e-02 0.000000000000000000e+00 0.000000000000000000e+00 0.000000000000000000e+00 0.000000000000000000e+00 0.000000000000000000e+00
8.965870029989973095e-03 9.020617994763398262e-03 9.075538101902910770e-03 9.130629430879076691e-03 9.185891046360359843e-03 9.241321998190318854e-03 9.296921321366028931e-03 9.352688036017624273e-03 9.408621147389131106e-03 9.464719645820464725e-03 9.520982506730685940e-03 9.577408690602485716e-03 9.633997142967884106e-03 9.690746794395259725e-03 9.747656560477551899e-03 9.804725341821803747e-03 9.861952024039954273e-03 9.919335477740931495e-03 9.976874558524039677e-03 1.003456810697364067e-02 1.009241494865517619e-02 1.015041389411250154e-02 1.020856373886653082e-02 1.026686326341524902e-02 1.032531123323504954e-02 1.038390639878344901e-02 1.044264749550312052e-02 1.050153324382733719e-02 1.056056234918679310e-02 1.061973350201774434e-02 1.067904537777163848e-02 1.073849663692603984e-02 0.000000000000000000e+00 0.000000000000000000e+00 0.000000000000000000e+00 0.000000000000000000e+00 0.000000000000000000e+00
9.009420842174774985e-03 9.064434739682374065e-03 9.119621615720299029e-03 9.174980545287734351e-03 9.230510588509856229e-03 9.286210790614955052e-03 9.342080181912676765e-03 9.398117777773546191e-03 9.454322578609669972e-03 9.510693569856627783e-03 9.567229721956697561e-03 9.623929990343203095e-03 9.680793315426202555e-03 9.737818622579415620e-03 9.795004822128377045e-03 9.852350809339950263e-03 9.909855464413043144e-03 9.967517652470675102e-03 1.002533622355333658e-02 1.008331001261364608e-02 1.014143783951236902e-02 1.019971850901566293e-02 1.025815081079383025e-02 1.031673351942123500e-02 1.037546539437770449e-02 1.043434518005122331e-02 1.049337160574200477e-02 1.055254338566796041e-02 1.061185921897152967e-02 1.067131778972791635e-02 1.073091776695468506e-02 0.000000000000000000e+00 0.000000000000000000e+00 0.000000000000000000e+00 0.000000000000000000e+00 0.000000000000000000e+00 0.000000000000000000e+00
9.053021437250093409e-03 9.108301571479316197e-03 9.163755521358918701e-03 9.219382357411591566e-03 9.275181135214040015e-03 0.000000000000000000e+00 0.000000000000000000e+00 0.000000000000000000e+00 0.000000000000000000e+00 0.000000000000000000e+00 0.000000000000000000e+00 9.670504468535836770e-03 9.727642980543174320e-03 0.000000000000000000e+00 0.000000000000000000e+00 0.000000000000000000e+00 0.000000000000000000e+00 0.000000000000000000e+00 1.007385328506420381e-02 1.013210763507799844e-02 1.019051676838781534e-02 1.024907948397556570e-02 1.030779456565421304e-02 1.036666078206775060e-02 1.042567688669257357e-02 1.048484161784019215e-02 1.054415369866134808e-02 1.060361183715147898e-02 1.066321472615760005e-02 1.072296104338656825e-02 0.000000000000000000e+00 0.000000000000000000e+00 0.000000000000000000e+00 0.000000000000000000e+00 0.000000000000000000e+00 0.000000000000000000e+00 0.000000000000000000e+00
9.096670494270679350e-03 9.152217161142929547e-03 9.207938481716072127e-03 9.263833522031330453e-03 9.319901333111883790e-03 0.000000000000000000e+00 0.000000000000000000e+00 0.000000000000000000e+00 0.000000000000000000e+00 0.000000000000000000e+00 0.000000000000000000e+00 0.000000000000000000e+00 0.000000000000000000e+00 0.000000000000000000e+00 0.000000000000000000e+00 0.000000000000000000e+00 0.000000000000000000e+00 0.000000000000000000e+00 0.000000000000000000e+00 0.000000000000000000e+00 0.000000000000000000e+00 0.000000000000000000e+00 1.035749349941587037e-02 1.041664353873368934e-02 1.047594418894737256e-02 1.053539418228523553e-02 1.059499223574168064e-02 1.065473705108277262e-02 1.071462731485309586e-02 0.000000000000000000e+00 0.000000000000000000e+00 0.000000000000000000e+00 0.000000000000000000e+00 0.000000000000000000e+00 0.000000000000000000e+00 0.000000000000000000e+00 0.000000000000000000e+00
0.000000000000000000e+00 9.196180170622316602e-03 9.252169150594425143e-03 9.308332684777776908e-03 0.000000000000000000e+00 0.000000000000000000e+00 0.000000000000000000e+00 0.000000000000000000e+00 0.000000000000000000e+00 0.000000000000000000e+00 0.000000000000000000e+00 0.000000000000000000e+00 0.000000000000000000e+00 0.000000000000000000e+00 0.000000000000000000e+00 0.000000000000000000e+00 0.000000000000000000e+00 0.000000000000000000e+00 0.000000000000000000e+00 0.000000000000000000e+00 0.000000000000000000e+00 0.000000000000000000e+00 0.000000000000000000e+00 1.046668026650944029e-02 1.052626576956278669e-02 1.058600133311545302e-02 1.064588566799889308e-02 1.070591746974305231e-02 1.076609541858328592e-02 0.000000000000000000e+00 0.000000000000000000e+00 0.000000000000000000e+00 0.000000000000000000e+00 0.000000000000000000e+00 0.000000000000000000e+00 0.000000000000000000e+00 0.000000000000000000e+00
0.000000000000000000e+00 0.000000000000000000e+00 0.000000000000000000e+00 0.000000000000000000e+00 0.000000000000000000e+00 0.000000000000000000e+00 0.000000000000000000e+00 0.000000000000000000e+00 0.000000000000000000e+00 0.000000000000000000e+00 0.000000000000000000e+00 0.000000000000000000e+00 0.000000000000000000e+00 0.000000000000000000e+00 0.000000000000000000e+00 0.000000000000000000e+00 0.000000000000000000e+00 0.000000000000000000e+00 0.000000000000000000e+00 0.000000000000000000e+00 0.000000000000000000e+00 0.000000000000000000e+00 0.000000000000000000e+00 0.000000000000000000e+00 1.057664008667225618e-02 1.063666151971435006e-02 1.069683243604475399e-02 1.075715152495075599e-02 0.000000000000000000e+00 0.000000000000000000e+00 0.000000000000000000e+00 0.000000000000000000e+00 0.000000000000000000e+00 0.000000000000000000e+00 0.000000000000000000e+00 0.000000000000000000e+00 0.000000000000000000e+00
