upland/rainfall/rainfall_4.asc
ncols 76
nrows 55
xllcorner 0.0
yllcorner 0.0
cellsize 10.0
[rows 0 to 16 of 55, columns 37 to 73 of 76]
0.000000000000000000e+00 0.000000000000000000e+00 0.000000000000000000e+00 0.000000000000000000e+00 0.000000000000000000e+00 0.000000000000000000e+00 0.000000000000000000e+00 0.000000000000000000e+00 0.000000000000000000e+00 0.000000000000000000e+00 0.000000000000000000e+00 0.000000000000000000e+00 0.000000000000000000e+00 0.000000000000000000e+00 0.000000000000000000e+00 0.000000000000000000e+00 0.000000000000000000e+00 0.000000000000000000e+00 0.000000000000000000e+00 0.000000000000000000e+00 0.000000000000000000e+00 0.000000000000000000e+00 0.000000000000000000e+00 0.000000000000000000e+00 0.000000000000000000e+00 0.000000000000000000e+00 0.000000000000000000e+00 0.000000000000000000e+00 0.000000000000000000e+00 0.000000000000000000e+00 0.000000000000000000e+00 0.000000000000000000e+00 0.000000000000000000e+00 0.000000000000000000e+00 0.000000000000000000e+00 0.000000000000000000e+00 0.000000000000000000e+00
0.000000000000000000e+00 0.000000000000000000e+00 0.000000000000000000e+00 0.000000000000000000e+00 0.000000000000000000e+00 0.000000000000000000e+00 0.000000000000000000e+00 0.000000000000000000e+00 0.000000000000000000e+00 0.000000000000000000e+00 0.000000000000000000e+00 0.000000000000000000e+00 0.000000000000000000e+00 0.000000000000000000e+00 0.000000000000000000e+00 0.000000000000000000e+00 0.000000000000000000e+00 0.000000000000000000e+00 0.000000000000000000e+00 0.000000000000000000e+00 0.000000000000000000e+00 0.000000000000000000e+00 0.000000000000000000e+00 0.000000000000000000e+00 0.000000000000000000e+00 0.000000000000000000e+00 0.000000000000000000e+00 0.000000000000000000e+00 0.000000000000000000e+00 0.000000000000000000e+00 0.000000000000000000e+00 0.000000000000000000e+00 0.000000000000000000e+00 0.000000000000000000e+00 0.000000000000000000e+00 0.000000000000000000e+00 0.000000000000000000e+00
4.071625546577534692e-03 4.120404788394023063e-03 0.000000000000000000e+00 4.219090407994097701e-03 4.268995800224043534e-03 0.000000000000000000e+00 4.369928815741183289e-03 4.420955074916981323e-03 4.472353484982753702e-03 4.524123202010360383e-03 0.000000000000000000e+00 0.000000000000000000e+00 0.000000000000000000e+00 0.000000000000000000e+00 0.000000000000000000e+00 0.000000000000000000e+00 0.000000000000000000e+00 0.000000000000000000e+00 0.000000000000000000e+00 0.000000000000000000e+00 0.000000000000000000e+00 0.000000000000000000e+00 0.000000000000000000e+00 0.000000000000000000e+00 0.000000000000000000e+00 0.000000000000000000e+00 0.000000000000000000e+00 0.000000000000000000e+00 0.000000000000000000e+00 0.000000000000000000e+00 0.000000000000000000e+00 0.000000000000000000e+00 0.000000000000000000e+00 0.000000000000000000e+00 0.000000000000000000e+00 0.000000000000000000e+00 0.000000000000000000e+00
4.142552507851756174e-03 4.192181475006620528e-03 4.242192855565047292e-03 4.292586179782780821e-03 4.343360914682276204e-03 4.394516463408862719e-03 4.446052164595232226e-03 4.497967291734730408e-03 4.550261052563626951e-03 4.602932588452715926e-03 4.655980973808492712e-03 4.709405215484239668e-03 0.000000000000000000e+00 0.000000000000000000e+00 0.000000000000000000e+00 0.000000000000000000e+00 0.000000000000000000e+00 0.000000000000000000e+00 0.000000000000000000e+00 0.000000000000000000e+00 0.000000000000000000e+00 0.000000000000000000e+00 0.000000000000000000e+00 0.000000000000000000e+00 0.000000000000000000e+00 0.000000000000000000e+00 0.000000000000000000e+00 0.000000000000000000e+00 0.000000000000000000e+00 0.000000000000000000e+00 0.000000000000000000e+00 0.000000000000000000e+00 0.000000000000000000e+00 0.000000000000000000e+00 0.000000000000000000e+00 0.000000000000000000e+00 0.000000000000000000e+00
4.214504232502332484e-03 4.264995201954733910e-03 4.315875226924188041e-03 4.367143829507488285e-03 4.418800467469839385e-03 4.470844533589830166e-03 4.523275355012909039e-03 4.576092192613788988e-03 4.629294240367951181e-03 4.682880624732715588e-03 4.736850404038006092e-03 4.791202567887203889e-03 4.845936036568388415e-03 0.000000000000000000e+00 4.956542219544633754e-03 5.012412422691247399e-03 0.000000000000000000e+00 0.000000000000000000e+00 0.000000000000000000e+00 0.000000000000000000e+00 0.000000000000000000e+00 0.000000000000000000e+00 0.000000000000000000e+00 0.000000000000000000e+00 0.000000000000000000e+00 0.000000000000000000e+00 0.000000000000000000e+00 0.000000000000000000e+00 0.000000000000000000e+00 0.000000000000000000e+00 0.000000000000000000e+00 0.000000000000000000e+00 0.000000000000000000e+00 0.000000000000000000e+00 0.000000000000000000e+00 0.000000000000000000e+00 0.000000000000000000e+00
4.287491260700632134e-03 4.338856635683996203e-03 4.390617803870382023e-03 4.442774279080211226e-03 4.495325509688238332e-03 4.548270877957166260e-03 4.601609699379905112e-03 4.655341222030948654e-03 4.709464625926993407e-03 4.763979022397317291e-03 4.818883453463935172e-03 4.874176891232115047e-03 4.929858237291430932e-03 4.985926322127573647e-03 5.042379904545405203e-03 5.099217671103408595e-03 5.156438235559904215e-03 5.214040138331292248e-03 0.000000000000000000e+00 0.000000000000000000e+00 0.000000000000000000e+00 0.000000000000000000e+00 0.000000000000000000e+00 0.000000000000000000e+00 0.000000000000000000e+00 0.000000000000000000e+00 0.000000000000000000e+00 0.000000000000000000e+00 0.000000000000000000e+00 0.000000000000000000e+00 0.000000000000000000e+00 0.000000000000000000e+00 0.000000000000000000e+00 0.000000000000000000e+00 0.000000000000000000e+00 0.000000000000000000e+00 0.000000000000000000e+00
4.361524158755141281e-03 4.413776469090305993e-03 4.466431406862338832e-03 4.519488477496696154e-03 4.572947119843123222e-03 4.626806705497736420e-03 4.681066538133936937e-03 4.735725852842587874e-03 4.790783815481588354e-03 4.846239522035355497e-03 4.902091997984334842e-03 4.958340197684957262e-03 5.014983003760322550e-03 5.072019226501919310e-03 5.129447603282668265e-03 5.187266797981595137e-03 5.245475400420553796e-03 5.304071925813033488e-03 5.363054814225708469e-03 0.000000000000000000e+00 0.000000000000000000e+00 0.000000000000000000e+00 0.000000000000000000e+00 0.000000000000000000e+00 0.000000000000000000e+00 0.000000000000000000e+00 0.000000000000000000e+00 0.000000000000000000e+00 0.000000000000000000e+00 0.000000000000000000e+00 0.000000000000000000e+00 0.000000000000000000e+00 0.000000000000000000e+00 0.000000000000000000e+00 0.000000000000000000e+00 0.000000000000000000e+00 0.000000000000000000e+00
4.436613517432285228e-03 4.489765419820520090e-03 4.543326881405001377e-03 4.597297399096440980e-03 4.651676402083658457e-03 4.706463251143952996e-03 4.761657237962562718e-03 4.817257584461434247e-03 4.873263442137615656e-03 4.929673891411712541e-03 4.986487940986535604e-03 5.043704527216391620e-03 5.101322513487270213e-03 5.159340689608269900e-03 5.217757771214521882e-03 5.276572399181997559e-03 5.335783139054456510e-03 5.395388480482866261e-03 5.455386836677590494e-03 5.515776543873689153e-03 5.576555860809560318e-03 5.637722968219375727e-03 5.699275968339402761e-03 0.000000000000000000e+00 0.000000000000000000e+00 0.000000000000000000e+00 0.000000000000000000e+00 0.000000000000000000e+00 0.000000000000000000e+00 0.000000000000000000e+00 0.000000000000000000e+00 0.000000000000000000e+00 0.000000000000000000e+00 0.000000000000000000e+00 0.000000000000000000e+00 0.000000000000000000e+00 0.000000000000000000e+00
4.512769950242024632e-03 4.566834228537476788e-03 4.621315096293873888e-03 4.676212041786190730e-03 4.731524484404997857e-03 4.787251773955080759e-03 4.843393189963124748e-03 4.899947940995026674e-03 4.956915163982906353e-03 5.014293923562379747e-03 5.072083211420211867e-03 5.130281945652744903e-03 5.188888970135501454e-03 5.247903053904115489e-03 5.307322890547020409e-03 5.367147097610221185e-03 5.427374216014416858e-03 5.488002709484748366e-03 5.549030963993648730e-03 5.610457287216895350e-03 5.672279908003392650e-03 5.734496975858781320e-03 5.797106560443397207e-03 0.000000000000000000e+00 0.000000000000000000e+00 0.000000000000000000e+00 0.000000000000000000e+00 0.000000000000000000e+00 0.000000000000000000e+00 0.000000000000000000e+00 0.000000000000000000e+00 0.000000000000000000e+00 0.000000000000000000e+00 0.000000000000000000e+00 0.000000000000000000e+00 0.000000000000000000e+00 0.000000000000000000e+00
4.590004091688129270e-03 4.644993657149355804e-03 4.700406941823260729e-03 4.756243425226846198e-03 4.812502516813817188e-03 4.869183555261139169e-03 4.926285807764895636e-03 4.983808469345929471e-03 5.041750662165321063e-03 5.100111434850318134e-03 5.158889761830837833e-03 5.218084542686899328e-03 5.277694601507449193e-03 5.337718686260675867e-03 5.398155468176344014e-03 5.459003541140350878e-03 5.520261421101858509e-03 5.581927545493328008e-03 5.644000272663790563e-03 5.706477881325619853e-03 5.769358570015215189e-03 5.832640456567787096e-03 5.896321577606726712e-03 5.960399888047687375e-03 0.000000000000000000e+00 0.000000000000000000e+00 0.000000000000000000e+00 0.000000000000000000e+00 0.000000000000000000e+00 0.000000000000000000e+00 0.000000000000000000e+00 0.000000000000000000e+00 0.000000000000000000e+00 0.000000000000000000e+00 0.000000000000000000e+00 0.000000000000000000e+00 0.000000000000000000e+00
4.668326595483127638e-03 4.724254487003217914e-03 4.780613327958221741e-03 4.837402588983764733e-03 4.894621669456660287e-03 4.952269896769214905e-03 5.010346525613188981e-03 5.068850737273474655e-03 5.127781638931977297e-03 5.187138262981991210e-03 5.246919566353380054e-03 5.307124429848939298e-03 5.367751657492200040e-03 5.428799975887044563e-03 5.490268033589489234e-03 5.552154400491905381e-03 5.614457567220030275e-03 5.677175944543135129e-03 5.740307862797579090e-03 5.803851571324193312e-03 5.867805237919711085e-03 5.932166948302656020e-03 5.996934705593892981e-03 6.062106429812365652e-03 6.127679957386056309e-03 0.000000000000000000e+00 0.000000000000000000e+00 0.000000000000000000e+00 0.000000000000000000e+00 0.000000000000000000e+00 0.000000000000000000e+00 0.000000000000000000e+00 0.000000000000000000e+00 0.000000000000000000e+00 0.000000000000000000e+00 0.000000000000000000e+00 0.000000000000000000e+00
4.747748132727782309e-03 4.804627517042667911e-03 4.861945182470304820e-03 4.919700590640310039e-03 4.977893130711180322e-03 5.036522118632263609e-03 5.095586796415499560e-03 5.155086331417096587e-03 5.215019815629578191e-03 5.275386264984503054e-03 5.336184618666132105e-03 5.397413738436537822e-03 5.459072407972265922e-03 5.521159332213114099e-03 5.583673136723177853e-03 5.646612367064631800e-03 5.709975488184453746e-03 5.773760883814568583e-03 5.837966855885603698e-03 5.902591623954687831e-03 5.967633324647559669e-03 6.033090011115346991e-03 6.098959652506324297e-03 6.165240133453028792e-03 6.231929253574911703e-03 0.000000000000000000e+00 0.000000000000000000e+00 0.000000000000000000e+00 0.000000000000000000e+00 0.000000000000000000e+00 0.000000000000000000e+00 0.000000000000000000e+00 0.000000000000000000e+00 0.000000000000000000e+00 0.000000000000000000e+00 0.000000000000000000e+00 0.000000000000000000e+00
4.828279390055074602e-03 4.886123561929626123e-03 4.944413449036870987e-03 5.003148503874592021e-03 5.062328105240198987e-03 5.121951557480184866e-03 5.182018089749489131e-03 5.242526855281036922e-03 5.303476930665738595e-03 5.364867315143379868e-03 5.426696929904696598e-03 5.488964617404956843e-03 5.551669140689457008e-03 5.614809182731190541e-03 5.678383345781092516e-03 5.742390150731158452e-03 5.806828036490827710e-03 5.871695359376903796e-03 5.936990392517361124e-03 6.002711325269492748e-03 6.068856262652489245e-03 6.135423224795052456e-03 6.202410146398168976e-03 6.269814876213530841e-03 6.337635176537760422e-03 6.405868722722952990e-03 0.000000000000000000e+00 0.000000000000000000e+00 0.000000000000000000e+00 0.000000000000000000e+00 0.000000000000000000e+00 0.000000000000000000e+00 0.000000000000000000e+00 0.000000000000000000e+00 0.000000000000000000e+00 0.000000000000000000e+00 0.000000000000000000e+00
4.909931067738677705e-03 4.968753450130107031e-03 5.028029085304063124e-03 5.087757416499448689e-03 5.147937812008431847e-03 5.208569564413213782e-03 5.269651889832876850e-03 5.331183927180549106e-03 5.393164737431247781e-03 5.455593302900765135e-03 5.518468526535959262e-03 5.581789231216697025e-03 5.645554159069972149e-03 5.709761970796355460e-03 5.774411245009262138e-03 5.839500477587295305e-03 5.905028081040082297e-03 5.970992383887882907e-03 6.037391630055306130e-03 6.104223978279621141e-03 6.171487501533753570e-03 6.239180186464526531e-03 6.307299932846389262e-03 6.375844553050978580e-03 6.444811771532820213e-03 6.514199224331574181e-03 6.584004458591084449e-03 0.000000000000000000e+00 0.000000000000000000e+00 0.000000000000000000e+00 0.000000000000000000e+00 0.000000000000000000e+00 0.000000000000000000e+00 0.000000000000000000e+00 0.000000000000000000e+00 0.000000000000000000e+00 0.000000000000000000e+00
4.992713877765817682e-03 5.052528021964016250e-03 5.112803060913325565e-03 5.173538428465512297e-03 5.234733482261959628e-03 5.296387502957614415e-03 5.358499693455118923e-03 5.421069178149413338e-03 5.484095002183296541e-03 5.547576130714142878e-03 5.611511448192153979e-03 5.675899757650658232e-03 5.740739780008528165e-03 5.806030153385385341e-03 5.871769432429663031e-03 5.937956087660073087e-03 6.004588504820697337e-03 6.071664984250170136e-03 6.139183740265214025e-03 6.207142900558859817e-03 6.275540505613829909e-03 6.344374508131253934e-03 6.413642772475188630e-03 6.483343074133243733e-03 6.553473099193612289e-03 6.624030443838925183e-03 6.695012613857184020e-03 6.766417024170155725e-03 0.000000000000000000e+00 0.000000000000000000e+00 0.000000000000000000e+00 0.000000000000000000e+00 0.000000000000000000e+00 0.000000000000000000e+00 0.000000000000000000e+00 0.000000000000000000e+00 0.000000000000000000e+00
5.076638541874562219e-03 5.137458127618921636e-03 5.198746355491484089e-03 5.260502649827407395e-03 5.322726357470393410e-03 5.385416746983591810e-03 5.448573007870894866e-03 5.512194249808842657e-03 5.576279501889628773e-03 5.640827711875497086e-03 5.705837745464903410e-03 5.771308385570843649e-03 5.837238331611588685e-03 5.903626198814316065e-03 5.970470517531934265e-03 6.037769732573431726e-03 6.105522202548195609e-03 6.173726199224514530e-03 6.242379906902785665e-03 6.311481421803639622e-03 6.381028751471442759e-03 6.451019814193386867e-03 6.521452438434721319e-03 6.592324362290269933e-03 6.663633232952697466e-03 6.735376606197832766e-03 6.807551945887403352e-03 6.880156623489491925e-03 6.953187917617077371e-03 7.026643013584979447e-03 0.000000000000000000e+00 0.000000000000000000e+00 0.000000000000000000e+00 0.000000000000000000e+00 0.000000000000000000e+00 0.000000000000000000e+00 0.000000000000000000e+00
5.161715789555528476e-03 5.223554625127810672e-03 5.285869956604391517e-03 5.348661198673103356e-03 5.411927687231660004e-03 5.475668678585394848e-03 5.539883348655432437e-03 5.604570792197743727e-03 5.669730022033485708e-03 5.735359968290910763e-03 5.801459477659195313e-03 5.868027312654662195e-03 5.935062150899699483e-03 6.002562584414649835e-03 6.070527118923222873e-03 6.138954173171627497e-03 6.207842078261864745e-03 6.277189076999525538e-03 6.346993323256463690e-03 6.417252881348668551e-03 6.487965725429774462e-03 6.559129738900437712e-03 6.630742713834062406e-03 6.702802350419157992e-03 6.775306256418673657e-03 6.848251946646731134e-03 6.921636842462972755e-03 6.995458271285025231e-03 7.069713466119290773e-03 7.144399565110460225e-03 0.000000000000000000e+00 0.000000000000000000e+00 0.000000000000000000e+00 0.000000000000000000e+00 0.000000000000000000e+00 0.000000000000000000e+00 0.000000000000000000e+00
