upland/rainfall_series/rainfall_3.asc
ncols 76
nrows 55
xllcorner 0.0
yllcorner 0.0
cellsize 10.0
[rows 34 to 50 of 55, columns 37 to 73 of 76]
2.699071063103588575e+00 2.702025495864590621e+00 2.704961529922210950e+00 2.707879098297916176e+00 2.710778134383930560e+00 2.713658571945766873e+00 2.716520345124746161e+00 2.719363388440506846e+00 2.722187636793496512e+00 2.724993025467456143e+00 2.727779490131887918e+00 2.730546966844514589e+00 2.733295392053719297e+00 2.736024702600976521e+00 2.738734835723273697e+00 2.741425729055509741e+00 2.744097320632885140e+00 2.746749548893282267e+00 2.749382352679626162e+00 2.751995671242231989e+00 2.754589444241141827e+00 2.757163611748444598e+00 2.759718114250580445e+00 2.762252892650637115e+00 2.764767888270622809e+00 2.767263042853731037e+00 2.769738298566589485e+00 2.772193598001488013e+00 2.774628884178605759e+00 2.777044100548204053e+00 2.779439190992821107e+00 2.781814099829440945e+00 2.784168771811651233e+00 2.786503152131782901e+00 2.788817186423037775e+00 2.791110820761597111e+00 0.000000000000000000e+00
2.692040662210060109e+00 2.694987399417207552e+00 2.697915785844966496e+00 2.700825754689264002e+00 2.703717239515821102e+00 2.706590174262676562e+00 2.709444493242694207e+00 2.712280131146073803e+00 2.715097023042831292e+00 2.717895104385275928e+00 2.720674311010474966e+00 2.723434579142705925e+00 2.726175845395885755e+00 2.728898046776003561e+00 2.731601120683527117e+00 2.734285004915800510e+00 2.736949637669427116e+00 2.739594957542644149e+00 2.742220903537674115e+00 2.744827415063070930e+00 2.747414431936045620e+00 2.749981894384784908e+00 2.752529743050747602e+00 2.755057918990954313e+00 2.757566363680252763e+00 2.760055019013581745e+00 2.762523827308210667e+00 2.764972731305961329e+00 2.767401674175431481e+00 2.769810599514180183e+00 2.772199451350918054e+00 2.774568174147669097e+00 2.776916712801922316e+00 2.779245012648770441e+00 2.781553019463027798e+00 2.783840679461332179e+00 0.000000000000000000e+00
2.685007100667333280e+00 2.687946138860945577e+00 2.690866874220704918e+00 2.693769240117082298e+00 2.696653170289372348e+00 2.699518598848213990e+00 2.702365460278095100e+00 2.705193689439851390e+00 2.708003221573142216e+00 2.710793992298923705e+00 2.713565937621902791e+00 2.716318993932984149e+00 2.719053098011696257e+00 2.721768187028614339e+00 2.724464198547761118e+00 2.727141070528998235e+00 2.729798741330406120e+00 2.732437149710646995e+00 2.735056234831314104e+00 2.737655936259269396e+00 2.740236193968965672e+00 2.742796948344757180e+00 2.745338140183189779e+00 2.747859710695284452e+00 2.750361601508801712e+00 2.752843754670491361e+00 2.755306112648331140e+00 2.757748618333745849e+00 2.760171215043815351e+00 2.762573846523463494e+00 2.764956456947637697e+00 2.767318990923467670e+00 2.769661393492412138e+00 2.771983610132385589e+00 2.774285586759878797e+00 2.776567269732050924e+00 0.000000000000000000e+00
2.677970499085851053e+00 2.680901834938268280e+00 2.683814915923093736e+00 2.686709675585412072e+00 2.689586047838170124e+00 2.692443966964681135e+00 2.695283367621131188e+00 2.698104184839064779e+00 2.700906354027860168e+00 2.703689810977191410e+00 2.706454491859477063e+00 2.709200333232323121e+00 2.711927272040940196e+00 2.714635245620559356e+00 2.717324191698831104e+00 2.719994048398205244e+00 2.722644754238307208e+00 2.725276248138292168e+00 2.727888469419196049e+00 2.730481357806256337e+00 2.733054853431236442e+00 2.735608896834722525e+00 2.738143428968417670e+00 2.740658391197409838e+00 2.743153725302436730e+00 2.745629373482124880e+00 2.748085278355228311e+00 2.750521382962833439e+00 2.752937630770571076e+00 2.755333965670792917e+00 2.757710331984746688e+00 2.760066674464730863e+00 2.762402938296232513e+00 2.764719069100054938e+00 2.767015012934423535e+00 2.769290716297078792e+00 0.000000000000000000e+00
2.670930977833299025e+00 2.673854608148616308e+00 2.676760031582505750e+00 2.679647181854738935e+00 2.682515993051984182e+00 2.685366399630304546e+00 2.688198336417651824e+00 2.691011738616352567e+00 2.693806541805573662e+00 2.696582681943775039e+00 2.699340095371160597e+00 2.702078718812103819e+00 2.704798489377566728e+00 2.707499344567505961e+00 2.710181222273264634e+00 2.712844060779949995e+00 2.715487798768799532e+00 2.718112375319531093e+00 2.720717729912684124e+00 2.723303802431940035e+00 2.725870533166435461e+00 2.728417862813058203e+00 2.730945732478728516e+00 2.733454083682667957e+00 2.735942858358652696e+00 2.738411998857252172e+00 2.740861447948054863e+00 2.743291148821875858e+00 2.745701045092955983e+00 2.748091080801135178e+00 2.750461200414023200e+00 2.752811348829146798e+00 2.755141471376082229e+00 2.757451513818579336e+00 2.759741422356658092e+00 2.762011143628700705e+00 0.000000000000000000e+00
2.663888657031388441e+00 2.666804578745189058e+00 2.669702341582807836e+00 2.672581879438775676e+00 2.675443126573550323e+00 2.678286017616010817e+00 2.681110487565947942e+00 2.683916471796535141e+00 2.686703906056794544e+00 2.689472726474042563e+00 2.692222869556330611e+00 2.694954272194869827e+00 2.697666871666437594e+00 2.700360605635781397e+00 2.703035412158004469e+00 2.705691229680934118e+00 2.708327997047484281e+00 2.710945653497999430e+00 2.713544138672586037e+00 2.716123392613432941e+00 2.718683355767113063e+00 2.721223968986876240e+00 2.723745173534923403e+00 2.726246911084669211e+00 2.728729123722991368e+00 2.731191753952459056e+00 2.733634744693560048e+00 2.736058039286893617e+00 2.738461581495371000e+00 2.740845315506380331e+00 2.743209185933949801e+00 2.745553137820893053e+00 2.747877116640934148e+00 2.750181068300822762e+00 2.752464939142433398e+00 2.754728675944842831e+00 0.000000000000000000e+00
2.656843656552670740e+00 2.659751866731751235e+00 2.662641966058162168e+00 2.665513888601260373e+00 2.668367568795360079e+00 2.671202941442221590e+00 2.674019941713537740e+00 2.676818505153396810e+00 2.679598567680739230e+00 2.682360065591803178e+00 2.685102935562552418e+00 2.687827114651096139e+00 2.690532540300091480e+00 2.693219150339142498e+00 2.695886882987170274e+00 2.698535676854787013e+00 2.701165470946643055e+00 2.703776204663769889e+00 2.706367817805904519e+00 2.708940250573802278e+00 2.711493443571531436e+00 2.714027337808764262e+00 2.716541874703041426e+00 2.719036996082029312e+00 2.721512644185763552e+00 2.723968761668875249e+00 2.726405291602803427e+00 2.728822177477993716e+00 2.731219363206081052e+00 2.733596793122057722e+00 2.735954411986428969e+00 2.738292164987348176e+00 2.740609997742741388e+00 2.742907856302416292e+00 2.745185687150151654e+00 2.747443437205774330e+00 2.749681053827223387e+00
2.649796096017363656e+00 2.652696591859457609e+00 2.655579024889846540e+00 2.658443329352774942e+00 2.661289439856475703e+00 2.664117291375657004e+00 2.666926819253972791e+00 2.669717959206490132e+00 2.672490647322130375e+00 2.675244820066111640e+00 2.677980414282372212e+00 2.680697367195981062e+00 2.683395616415536811e+00 2.686075099935554711e+00 2.688735756138838529e+00 2.691377523798841764e+00 2.694000342082011556e+00 2.696604150550124146e+00 2.699188889162605243e+00 2.701754498278832184e+00 2.704300918660429431e+00 2.706828091473545861e+00 2.709335958291117841e+00 2.711824461095122096e+00 2.714293542278807703e+00 2.716743144648919639e+00 2.719173211427907688e+00 2.721583686256113133e+00 2.723974513193952784e+00 2.726345636724075927e+00 2.728697001753515927e+00 2.731028553615820531e+00 2.733340238073171946e+00 2.735632001318482942e+00 2.737903789977491620e+00 2.740155551110826870e+00 2.742387232216064508e+00
2.642746094790195954e+00 2.645638873623695986e+00 2.648513637703092005e+00 2.651370321447577005e+00 2.654208859639365148e+00 2.657029187426169337e+00 2.659831240323667689e+00 2.662614954217961127e+00 2.665380265368011869e+00 2.668127110408079261e+00 2.670855426350131623e+00 2.673565150586257211e+00 2.676256220891051196e+00 2.678928575424000424e+00 2.681582152731845081e+00 2.684216891750937695e+00 2.686832731809577712e+00 2.689429612630343414e+00 2.692007474332402062e+00 2.694566257433810286e+00 2.697105902853801140e+00 2.699626351915056066e+00 2.702127546345961306e+00 2.704609428282854555e+00 2.707071940272253396e+00 2.709515025273069977e+00 2.711938626658815021e+00 2.714342688219780531e+00 2.716727154165213598e+00 2.719091969125472019e+00 2.721437078154170575e+00 2.723762426730299779e+00 2.726067960760345521e+00 2.728353626580381164e+00 2.730619370958150327e+00 2.732865141095129680e+00 0.000000000000000000e+00
2.635693771977272615e+00 2.638578831260945723e+00 2.641445923863940948e+00 2.644294984380458846e+00 2.647125947766750365e+00 2.649938749343589972e+00 2.652733324798737691e+00 2.655509610189384251e+00 2.658267541944590917e+00 2.661007056867709331e+00 2.663728092138797354e+00 2.666430585317014934e+00 2.669114474343010190e+00 2.671779697541294407e+00 2.674426193622599257e+00 2.677053901686229143e+00 2.679662761222390444e+00 2.682252712114514548e+00 2.684823694641564895e+00 2.687375649480328033e+00 2.689908517707698010e+00 2.692422240802940347e+00 2.694916760649942677e+00 2.697392019539454733e+00 2.699847960171311900e+00 2.702284525656644565e+00 2.704701659520074131e+00 2.707099305701891279e+00 2.709477408560224454e+00 2.711835912873189258e+00 2.714174763841025850e+00 2.716493907088219473e+00 2.718793288665606767e+00 2.721072855052466988e+00 0.000000000000000000e+00 0.000000000000000000e+00 0.000000000000000000e+00
2.628639246422959541e+00 2.631516583745659776e+00 2.634376002476124690e+00 2.637217437383615692e+00 2.640040823598475583e+00 2.642846096614595020e+00 2.645633192291866997e+00 2.648402046858628900e+00 2.651152596914090331e+00 2.653884779430752516e+00 2.656598531756811710e+00 2.659293791618553726e+00 2.661970497122729817e+00 2.664628586758928108e+00 2.667267999401925049e+00 2.669888674314024879e+00 2.672490551147392868e+00 2.675073569946362806e+00 2.677637671149744047e+00 2.680182795593104572e+00 2.682708884511046943e+00 2.685215879539470052e+00 2.687703722717811772e+00 2.690172356491282279e+00 2.692621723713082282e+00 2.695051767646608809e+00 2.697462431967639684e+00 2.699853660766511787e+00 2.702225398550281543e+00 2.704577590244867658e+00 2.706910181197183629e+00 2.709223117177252504e+00 0.000000000000000000e+00 0.000000000000000000e+00 0.000000000000000000e+00 0.000000000000000000e+00 0.000000000000000000e+00
2.621582636706781599e+00 2.624452249787162295e+00 2.627303992377957975e+00 2.630137799423541978e+00 2.632953606228399579e+00 2.635751348459589583e+00 2.638530962149189474e+00 2.641292383696732138e+00 2.644035549871627921e+00 2.646760397815575150e+00 2.649466865044960429e+00 2.652154889453243403e+00 2.654824409313328637e+00 2.657475363279929503e+00 2.660107690391913859e+00 2.662721330074636850e+00 2.665316222142268376e+00 2.667892306800092594e+00 2.670449524646813622e+00 2.672987816676824835e+00 2.675507124282487492e+00 2.678007389256378268e+00 2.680488553793529238e+00 2.682950560493659431e+00 2.685393352363380171e+00 2.687816872818397318e+00 2.690221065685692636e+00 2.692605875205693167e+00 2.694971246034426393e+00 2.697317123245658532e+00 2.699643452333018612e+00 2.701950179212111891e+00 0.000000000000000000e+00 0.000000000000000000e+00 0.000000000000000000e+00 0.000000000000000000e+00 0.000000000000000000e+00
2.614524061140345079e+00 2.617385947826566195e+00 2.620230012139251663e+00 2.623056189197937371e+00 2.625864414481299036e+00 2.628654623829612458e+00 2.631426753447187128e+00 2.634180739904798951e+00 2.636916520142106535e+00 2.639634031470052822e+00 2.642333211573261398e+00 2.645013998512412368e+00 2.647676330726609795e+00 2.650320147035738039e+00 2.652945386642802550e+00 2.655551989136255120e+00 2.658139894492313360e+00 2.660709043077260638e+00 2.663259375649735805e+00 2.665790833363005596e+00 2.668303357767231265e+00 2.670796890811710345e+00 2.673271374847117521e+00 2.675726752627717975e+00 2.678162967313578946e+00 2.680579962472758204e+00 2.682977682083482307e+00 2.685356070536310646e+00 2.687715072636282621e+00 2.690054633605053702e+00 2.692374699083010192e+00 0.000000000000000000e+00 0.000000000000000000e+00 0.000000000000000000e+00 0.000000000000000000e+00 0.000000000000000000e+00 0.000000000000000000e+00
2.607463637764279252e+00 2.610317796033707616e+00 2.613154180058246734e+00 2.615972725132638566e+00 2.618773366909797673e+00 0.000000000000000000e+00 0.000000000000000000e+00 0.000000000000000000e+00 0.000000000000000000e+00 0.000000000000000000e+00 0.000000000000000000e+00 2.637871238213250535e+00 2.640526380899962167e+00 0.000000000000000000e+00 0.000000000000000000e+00 0.000000000000000000e+00 0.000000000000000000e+00 0.000000000000000000e+00 2.656067344399443364e+00 2.658591966006869090e+00 2.661097705433935534e+00 2.663584504786705054e+00 2.666052306571530472e+00 2.668501053697269310e+00 2.670930689477480691e+00 2.673341157632614706e+00 2.675732402292184009e+00 2.678104367996918533e+00 2.680456999700910004e+00 2.682790242773739564e+00 0.000000000000000000e+00 0.000000000000000000e+00 0.000000000000000000e+00 0.000000000000000000e+00 0.000000000000000000e+00 0.000000000000000000e+00 0.000000000000000000e+00
2.600401484345193914e+00 2.603247912304105682e+00 2.606076614158566507e+00 2.608887525378569272e+00 2.611680581791309130e+00 0.000000000000000000e+00 0.000000000000000000e+00 0.000000000000000000e+00 0.000000000000000000e+00 0.000000000000000000e+00 0.000000000000000000e+00 0.000000000000000000e+00 0.000000000000000000e+00 0.000000000000000000e+00 0.000000000000000000e+00 0.000000000000000000e+00 0.000000000000000000e+00 0.000000000000000000e+00 0.000000000000000000e+00 0.000000000000000000e+00 0.000000000000000000e+00 0.000000000000000000e+00 2.658831469379546064e+00 2.661273584225686051e+00 2.663696639488192908e+00 2.666100579039945462e+00 2.668485347161777543e+00 2.670850888544627821e+00 2.673197148291675429e+00 0.000000000000000000e+00 0.000000000000000000e+00 0.000000000000000000e+00 0.000000000000000000e+00 0.000000000000000000e+00 0.000000000000000000e+00 0.000000000000000000e+00 0.000000000000000000e+00
0.000000000000000000e+00 2.596176414255929377e+00 2.598997432186186618e+00 2.601800707808707092e+00 0.000000000000000000e+00 0.000000000000000000e+00 0.000000000000000000e+00 0.000000000000000000e+00 0.000000000000000000e+00 0.000000000000000000e+00 0.000000000000000000e+00 0.000000000000000000e+00 0.000000000000000000e+00 0.000000000000000000e+00 0.000000000000000000e+00 0.000000000000000000e+00 0.000000000000000000e+00 0.000000000000000000e+00 0.000000000000000000e+00 0.000000000000000000e+00 0.000000000000000000e+00 0.000000000000000000e+00 0.000000000000000000e+00 2.654044464452818719e+00 2.656460937695042990e+00 2.658858347152690538e+00 2.661236637257949234e+00 2.663595752852001564e+00 2.665935639187150041e+00 0.000000000000000000e+00 0.000000000000000000e+00 0.000000000000000000e+00 0.000000000000000000e+00 0.000000000000000000e+00 0.000000000000000000e+00 0.000000000000000000e+00 0.000000000000000000e+00
0.000000000000000000e+00 0.000000000000000000e+00 0.000000000000000000e+00 0.000000000000000000e+00 0.000000000000000000e+00 0.000000000000000000e+00 0.000000000000000000e+00 0.000000000000000000e+00 0.000000000000000000e+00 0.000000000000000000e+00 0.000000000000000000e+00 0.000000000000000000e+00 0.000000000000000000e+00 0.000000000000000000e+00 0.000000000000000000e+00 0.000000000000000000e+00 0.000000000000000000e+00 0.000000000000000000e+00 0.000000000000000000e+00 0.000000000000000000e+00 0.000000000000000000e+00 0.000000000000000000e+00 0.000000000000000000e+00 0.000000000000000000e+00 2.649223704160492687e+00 2.651614582141665011e+00 2.653986392859005949e+00 2.656339081303971117e+00 0.000000000000000000e+00 0.000000000000000000e+00 0.000000000000000000e+00 0.000000000000000000e+00 0.000000000000000000e+00 0.000000000000000000e+00 0.000000000000000000e+00 0.000000000000000000e+00 0.000000000000000000e+00
