upland/rainfall_series/rainfall_4.asc
ncols 76
nrows 55
xllcorner 0.0
yllcorner 0.0
cellsize 10.0
[rows 34 to 50 of 55, columns 37 to 73 of 76]
4.776634645807085633e+00 4.753034414295753685e+00 4.729350679271794533e+00 4.705585855940862317e+00 4.681742357689953948e+00 4.657822595689138367e+00 4.633828978495760254e+00 4.609763911661215907e+00 4.585629797340374125e+00 4.561429033903740660e+00 4.537164015552432872e+00 4.512837131936070278e+00 4.488450767773640493e+00 4.464007302477436490e+00 4.439509109780133578e+00 4.414958557365087799e+00 4.390358006499937460e+00 4.365709811673566421e+00 4.341016320236522397e+00 4.316279872044947119e+00 4.291502799108090294e+00 4.266687425239493514e+00 4.241836065711882320e+00 4.216951026915855216e+00 4.192034606022429166e+00 4.167089090649499283e+00 4.142116758532272236e+00 4.117119877197752409e+00 4.092100703643310133e+00 4.067061484019409257e+00 4.042004453316551782e+00 4.016931835056464450e+00 3.991845840987626737e+00 3.966748670785139375e+00 3.941642511755023115e+00 3.916529538542978806e+00 0.000000000000000000e+00
4.758139593140526813e+00 4.734630741346739669e+00 4.711038709364584243e+00 4.687365903048078764e+00 4.663614726439624825e+00 4.639787581373279401e+00 4.615886867080489786e+00 4.591914979798400687e+00 4.567874312380769908e+00 4.543767253911655146e+00 4.519596189321863022e+00 4.495363499008329100e+00 4.471071558456449324e+00 4.446722737865466790e+00 4.422319401777004444e+00 4.397863908706785452e+00 4.373358610779658484e+00 4.348805853367964325e+00 4.324207974733346838e+00 4.299567305672059803e+00 4.274886169163854888e+00 4.250166880024503158e+00 4.225411744562029170e+00 4.200623060236726047e+00 4.175803115325003922e+00 4.150954188587131277e+00 4.126078548938967749e+00 4.101178455127686640e+00 4.076256155411599913e+00 4.051313887244115008e+00 4.026353876961882960e+00 4.001378339477195567e+00 3.976389477974671571e+00 3.951389483612308684e+00 3.926380535226915214e+00 3.901364799043994580e+00 0.000000000000000000e+00
4.739515616204016624e+00 4.716098781112353144e+00 4.692599091410394330e+00 4.669018943535330202e+00 4.645360732119828029e+00 4.621626849596855990e+00 4.597819685806956436e+00 4.573941627608087757e+00 4.549995058488073063e+00 4.525982358179776455e+00 4.501905902279083271e+00 4.477768061865741167e+00 4.453571203127189015e+00 4.429317686985401181e+00 4.405009868726878608e+00 4.380650097635806262e+00 4.356240716630510157e+00 4.331784061903239724e+00 4.307282462563378544e+00 4.282738240284139408e+00 4.258153708952831629e+00 4.233531174324734359e+00 4.208872933680685158e+00 4.184181275488418450e+00 4.159458479067727588e+00 4.134706814259525132e+00 4.109928541098835098e+00 4.085125909491798879e+00 4.060301158896756135e+00 4.035456518009431726e+00 4.010594204452302414e+00 3.985716424468205510e+00 3.960825372618211659e+00 3.935923231483839047e+00 3.911012171373647206e+00 3.886094350034248190e+00 0.000000000000000000e+00
4.720764792496078499e+00 4.697440600826689128e+00 4.674033882342565782e+00 4.650547023999939356e+00 4.626982410957652725e+00 4.603342426183548497e+00 4.579629450063310792e+00 4.555845860011826787e+00 4.531994030087194147e+00 4.508076330607400095e+00 4.484095127769816891e+00 4.460052783273554589e+00 4.435951653944762541e+00 4.411794091364964032e+00 4.387582441502495989e+00 4.363319044347134579e+00 4.339006233547975988e+00 4.314646336054653197e+00 4.290241671761953590e+00 4.265794553157916447e+00 4.241307284975476044e+00 4.216782163847710763e+00 4.192221477966787013e+00 4.167627506746629074e+00 4.143002520489422302e+00 4.118348780055963054e+00 4.093668536539953884e+00 4.068964030946295551e+00 4.044237493873414024e+00 4.019491145199698856e+00 3.994727193774112006e+00 3.969947837110983535e+00 3.945155261089098087e+00 3.920351639655086373e+00 3.895539134531169179e+00 3.870719894927322269e+00 0.000000000000000000e+00
4.701889207408808780e+00 4.678658275578406744e+00 4.655345146909871445e+00 4.631952198815385557e+00 4.608481806916933543e+00 4.584936344654261475e+00 4.561318182895277573e+00 4.537629689548974277e+00 4.513873229180975777e+00 4.490051162631747417e+00 4.466165846637621506e+00 4.442219633454650207e+00 4.418214870485407175e+00 4.394153899908816108e+00 4.370039058313051505e+00 4.345872676331638651e+00 4.321657078282770570e+00 4.297394581811964542e+00 4.273087497538104351e+00 4.248738128702935768e+00 4.224348770824111199e+00 4.199921711351811915e+00 4.175459229329060662e+00 4.150963595055733535e+00 4.126437069756401677e+00 4.101881905251996585e+00 4.077300343635413604e+00 4.052694616951077577e+00 4.028066946878554155e+00 4.003419544420236953e+00 3.978754609593182501e+00 3.954074331125146724e+00 3.929380886154862029e+00 3.904676439936610510e+00 3.879963145549147452e+00 3.855243143609013767e+00 0.000000000000000000e+00
4.682890953844409232e+00 4.659753887929170446e+00 4.636534957296846393e+00 4.613236529753550030e+00 4.589860971322429428e+00 4.566410645853207662e+00 4.542887914634167856e+00 4.519295136006631353e+00 4.495634664982054218e+00 4.471908852861793626e+00 4.448120046859654231e+00 4.424270589727258063e+00 4.400362819382368507e+00 4.376399068540196780e+00 4.352381664347803714e+00 4.328312928021650130e+00 4.304195174488390840e+00 4.280030712028964679e+00 4.255821841926062277e+00 4.231570858115051514e+00 4.207280046838414833e+00 4.182951686303761463e+00 4.158588046345501610e+00 4.134191388090243890e+00 4.109763963625946204e+00 4.085308015674928406e+00 4.060825777270780534e+00 4.036319471439226980e+00 4.011791310883006112e+00 3.987243497670829750e+00 3.962678222930461125e+00 3.938097666545974374e+00 3.913503996859246659e+00 3.888899370375726861e+00 3.864285931474532365e+00 3.839665812122918354e+00 0.000000000000000000e+00
4.663772131831672496e+00 4.640729527532022836e+00 4.617605392744074777e+00 4.594402085606906105e+00 4.571121962483908341e+00 4.547767377573928904e+00 4.524340682524823798e+00 4.500844226049522945e+00 4.477280353544689007e+00 4.453651406712028304e+00 4.429959723182379072e+00 4.406207636142627670e+00 4.382397473965523815e+00 4.358531559842512060e+00 4.334612211419617722e+00 4.310641740436482294e+00 4.286622452368615832e+00 4.262556646072944488e+00 4.238446613436724242e+00 4.214294639029881218e+00 4.190102999760860314e+00 4.165873964536042529e+00 4.141609793922797600e+00 4.117312739816234135e+00 4.092985045109720055e+00 4.068628943369225759e+00 4.044246658511537085e+00 4.019840404486442864e+00 3.995412384962888197e+00 3.970964793019202688e+00 3.946499810837444056e+00 3.922019609401881102e+00 3.897526348201709290e+00 3.873022174938020257e+00 3.848509225235082098e+00 3.823989622355973950e+00 3.799465476922631257e+00
4.644534848142507499e+00 4.621587290749808119e+00 4.598558539168501547e+00 4.575450941810735195e+00 4.552266845320296795e+00 4.529008594185349956e+00 4.505678530353599776e+00 4.482278992849922261e+00 4.458812317396611213e+00 4.435280836036242569e+00 4.411686876757320519e+00 4.388032763122716062e+00 4.364320813901035656e+00 4.340553342700943062e+00 4.316732657608560508e+00 4.292861060827986464e+00 4.268940848325028625e+00 4.244974309474215168e+00 4.220963726709142882e+00 4.196911375176270553e+00 4.172819522392174463e+00 4.148690427904374367e+00 4.124526342955774361e+00 4.100329510152791457e+00 4.076102163137234946e+00 4.051846526261980053e+00 4.027564814270534477e+00 4.003259231980508481e+00 3.978931973971078229e+00 3.954585224274492994e+00 3.930221156071673327e+00 3.905841931391936583e+00 3.881449700816944404e+00 3.857046603188881040e+00 3.832634765322920245e+00 3.808216301724035802e+00 3.783793314308193434e+00
4.625181215908586552e+00 4.602329280273709244e+00 4.579396488783882724e+00 4.556385180065495533e+00 4.533297690983939532e+00 4.510136356257975265e+00 4.486903508076478531e+00 4.463601475717688061e+00 4.440232585171008495e+00 4.416799158761469890e+00 4.393303514776921048e+00 4.369747967098020602e+00 4.346134824831136001e+00 4.322466391944195685e+00 4.298744966905599263e+00 4.274972842326232758e+00 4.251152304604684851e+00 4.227285633575729840e+00 4.203375102162139498e+00 4.179422976029904646e+00 4.155431513246930386e+00 4.131402963945273399e+00 4.107339569986978134e+00 4.083243564633591838e+00 4.059117172219403713e+00 4.034962607828485481e+00 4.010782076975573318e+00 3.986577775290870207e+00 3.962351888208814898e+00 3.938106590660858330e+00 3.913844046772340768e+00 3.889566409563475879e+00 3.865275820654517247e+00 3.840974409975159709e+00 3.816664295478202185e+00 3.792347582857545252e+00 0.000000000000000000e+00
4.605713354238229584e+00 4.582957604742030178e+00 4.560121339721459499e+00 4.537206887959388979e+00 4.514216576485103438e+00 4.491152730190293596e+00 4.468017671447413797e+00 4.444813719730531076e+00 4.421543191238724191e+00 4.398208398522117868e+00 4.374811650110649985e+00 4.351355250145616971e+00 4.327841498014121768e+00 4.304272687986457235e+00 4.280651108856533327e+00 4.256979043585400468e+00 4.233258768947962380e+00 4.209492555182936968e+00 4.185682665646127454e+00 4.161831356467107668e+00 4.137940876209341923e+00 4.114013465533850500e+00 4.090051356866450938e+00 4.066056774068663948e+00 4.042031932112328363e+00 4.017979036757997946e+00 3.993900284237174692e+00 3.969797860938427014e+00 3.945673943097473657e+00 3.921530696491261736e+00 3.897370276136102873e+00 3.873194825989929146e+00 3.849006478658694164e+00 3.824807355107000095e+00 0.000000000000000000e+00 0.000000000000000000e+00 0.000000000000000000e+00
4.586133387833619679e+00 4.563474378359297035e+00 4.540735195650958289e+00 4.517918158591273325e+00 4.495025584316784339e+00 4.472059787835516609e+00 4.449023081646977573e+00 4.425917775364608175e+00 4.402746175340779722e+00 4.379510584294427744e+00 4.356213300941385036e+00 4.332856619627507122e+00 4.309442829964661215e+00 4.285974216469661258e+00 4.262453058206216561e+00 4.238881628429975734e+00 4.215262194236740534e+00 4.191597016213910010e+00 4.167888348095233120e+00 4.144138436418947968e+00 4.120349520189348524e+00 4.096523830541880962e+00 4.072663590411797152e+00 4.048771014206461238e+00 4.024848307481348364e+00 4.000897666619808390e+00 3.976921278516645231e+00 3.952921320265581073e+00 3.928899958850645913e+00 3.904859350841561216e+00 3.880801642093159476e+00 3.856728967448904477e+00 0.000000000000000000e+00 0.000000000000000000e+00 0.000000000000000000e+00 0.000000000000000000e+00 0.000000000000000000e+00
4.566443446608428047e+00 4.543881720515777545e+00 4.521240165402010902e+00 4.498521090193986716e+00 4.475726802079937450e+00 4.452859606128716230e+00 4.429921804911429284e+00 4.406915698125501102e+00 4.383843582221296664e+00 4.360707750031337149e+00 4.337510490402233465e+00 4.314254087829375806e+00 4.290940822094495566e+00 4.267572967906143155e+00 4.244152794543176732e+00 4.220682565501332917e+00 4.197164538142943435e+00 4.173600963349881177e+00 4.149994085179796954e+00 4.126346140525719797e+00 4.102659358779087384e+00 4.078935961496259921e+00 4.055178162068627579e+00 4.031388165396291079e+00 4.007568167565477069e+00 3.983720355529656754e+00 3.959846906794501908e+00 3.935949989106676927e+00 3.912031760146559289e+00 3.888094367224931514e+00 3.864139946983690344e+00 3.840170625100638002e+00 0.000000000000000000e+00 0.000000000000000000e+00 0.000000000000000000e+00 0.000000000000000000e+00 0.000000000000000000e+00
4.546645665305971917e+00 4.524181755407522765e+00 4.501638362586080966e+00 4.479017785758168557e+00 4.456322322109221190e+00 4.433554266714482495e+00 4.410715912162278762e+00 4.387809548179714803e+00 4.364837461260911766e+00 4.341801934297832233e+00 4.318705246213809801e+00 4.295549671599823149e+00 4.272337480353625594e+00 4.249070937321786978e+00 4.225752301944723399e+00 4.202383827904801805e+00 4.178967762777578088e+00 4.155506347686240609e+00 4.132001816959350649e+00 4.108456397791899306e+00 4.084872309909814092e+00 4.061251765237921418e+00 4.037596967571460915e+00 4.013910112251210194e+00 3.990193385842276896e+00 3.966448965816618433e+00 3.942679020239341803e+00 3.918885707458861667e+00 3.895071175800951746e+00 3.871237563266741954e+00 3.847386997234736761e+00 0.000000000000000000e+00 0.000000000000000000e+00 0.000000000000000000e+00 0.000000000000000000e+00 0.000000000000000000e+00 0.000000000000000000e+00
4.526742183117967500e+00 4.504376611657007423e+00 4.481931905219004086e+00 4.459410352656695942e+00 4.436814241099319212e+00 0.000000000000000000e+00 0.000000000000000000e+00 0.000000000000000000e+00 0.000000000000000000e+00 0.000000000000000000e+00 0.000000000000000000e+00 4.276745391990183442e+00 4.253634814872076397e+00 0.000000000000000000e+00 0.000000000000000000e+00 0.000000000000000000e+00 0.000000000000000000e+00 0.000000000000000000e+00 4.113913487536145830e+00 4.090471141241643238e+00 4.066990295509405939e+00 4.043473152581293029e+00 4.019921906605171458e+00 3.996338743311452557e+00 3.972725839693294958e+00 3.949085363690512551e+00 3.925419473877250098e+00 3.901730319153496662e+00 3.878020038440472383e+00 3.854290760379954328e+00 0.000000000000000000e+00 0.000000000000000000e+00 0.000000000000000000e+00 0.000000000000000000e+00 0.000000000000000000e+00 0.000000000000000000e+00 0.000000000000000000e+00
4.506735143304009483e+00 4.484468421934479920e+00 4.462122915344211904e+00 4.439700902269811955e+00 4.417204659731981842e+00 0.000000000000000000e+00 0.000000000000000000e+00 0.000000000000000000e+00 0.000000000000000000e+00 0.000000000000000000e+00 0.000000000000000000e+00 0.000000000000000000e+00 0.000000000000000000e+00 0.000000000000000000e+00 0.000000000000000000e+00 0.000000000000000000e+00 0.000000000000000000e+00 0.000000000000000000e+00 0.000000000000000000e+00 0.000000000000000000e+00 0.000000000000000000e+00 0.000000000000000000e+00 4.002154882467062080e+00 3.978675950708489673e+00 3.955167410070087985e+00 3.931631418909929732e+00 3.908070126261819155e+00 3.884485671528157269e+00 3.860880184176679553e+00 0.000000000000000000e+00 0.000000000000000000e+00 0.000000000000000000e+00 0.000000000000000000e+00 0.000000000000000000e+00 0.000000000000000000e+00 0.000000000000000000e+00 0.000000000000000000e+00
0.000000000000000000e+00 4.464459322580102807e+00 4.442213518656779492e+00 4.419891549611039139e+00 0.000000000000000000e+00 0.000000000000000000e+00 0.000000000000000000e+00 0.000000000000000000e+00 0.000000000000000000e+00 0.000000000000000000e+00 0.000000000000000000e+00 0.000000000000000000e+00 0.000000000000000000e+00 0.000000000000000000e+00 0.000000000000000000e+00 0.000000000000000000e+00 0.000000000000000000e+00 0.000000000000000000e+00 0.000000000000000000e+00 0.000000000000000000e+00 0.000000000000000000e+00 0.000000000000000000e+00 0.000000000000000000e+00 3.960923629829786297e+00 3.937519981160967131e+00 3.914089004450955311e+00 3.890632839144852362e+00 3.867153615099330199e+00 3.843653452280726412e+00 0.000000000000000000e+00 0.000000000000000000e+00 0.000000000000000000e+00 0.000000000000000000e+00 0.000000000000000000e+00 0.000000000000000000e+00 0.000000000000000000e+00 0.000000000000000000e+00
0.000000000000000000e+00 0.000000000000000000e+00 0.000000000000000000e+00 0.000000000000000000e+00 0.000000000000000000e+00 0.000000000000000000e+00 0.000000000000000000e+00 0.000000000000000000e+00 0.000000000000000000e+00 0.000000000000000000e+00 0.000000000000000000e+00 0.000000000000000000e+00 0.000000000000000000e+00 0.000000000000000000e+00 0.000000000000000000e+00 0.000000000000000000e+00 0.000000000000000000e+00 0.000000000000000000e+00 0.000000000000000000e+00 0.000000000000000000e+00 0.000000000000000000e+00 0.000000000000000000e+00 0.000000000000000000e+00 0.000000000000000000e+00 3.919785440058529691e+00 3.896459996176675045e+00 3.873109477147851809e+00 3.849736003235886717e+00 0.000000000000000000e+00 0.000000000000000000e+00 0.000000000000000000e+00 0.000000000000000000e+00 0.000000000000000000e+00 0.000000000000000000e+00 0.000000000000000000e+00 0.000000000000000000e+00 0.000000000000000000e+00
