upland/rainfall_series/rainfall_10.asc
ncols 76
nrows 55
xllcorner 0.0
yllcorner 0.0
cellsize 10.0
[rows 34 to 50 of 55, columns 37 to 73 of 76]
5.992219450525323232e+00 6.039624718231950240e+00 6.087279081714666695e+00 6.135182526923093960e+00 6.183335024176603412e+00 6.231736528043825274e+00 6.280386977222780054e+00 6.329286294421757830e+00 6.378434386240895648e+00 6.427831143054522300e+00 6.477476438894274935e+00 6.527370131333002590e+00 6.577512061369461094e+00 6.627902053313881048e+00 6.678539914674350264e+00 6.729425436044089714e+00 6.780558390989610551e+00 6.831938535939803714e+00 6.883565610075945251e+00 6.935439335222666202e+00 6.987559415739915458e+00 7.039925538415880979e+00 7.092537372360966152e+00 7.145394568902803556e+00 7.198496761482305217e+00 7.251843565550799120e+00 7.305434578468311457e+00 7.359269379402904931e+00 7.413347529231205435e+00 7.467668570440076259e+00 7.522232027029504664e+00 7.577037404416646638e+00 7.632084189341128422e+00 7.687371849771634125e+00 7.742899834813658622e+00 7.798667574618662002e+00 0.000000000000000000e+00
6.029418675519571558e+00 6.077118231383347613e+00 6.125068429390115199e+00 6.173269255402270339e+00 6.221720679554929134e+00 6.270422656134686967e+00 6.319375123459009203e+00 6.368578003756362627e+00 6.418031203047066313e+00 6.467734611024901881e+00 6.517688100939504459e+00 6.567891529479545021e+00 6.618344736656714744e+00 6.669047545690574452e+00 6.719999762894240725e+00 6.771201177560948636e+00 6.822651561851526658e+00 6.874350670682802367e+00 6.926298241616907880e+00 6.978493994751580054e+00 7.030937632611465204e+00 7.083628840040344876e+00 7.136567284094496699e+00 7.189752613937017145e+00 7.243184460733252727e+00 7.296862437547281033e+00 7.350786139239567696e+00 7.404955142365690079e+00 7.459369005076228021e+00 7.514027267017842959e+00 7.568929449235542783e+00 7.624075054076159041e+00 7.679463565093039179e+00 7.735094446952055058e+00 7.790967145338798083e+00 7.847081086867140343e+00 0.000000000000000000e+00
6.066723321841148042e+00 6.114717999864612175e+00 6.162964870780323956e+00 6.211463920363199165e+00 6.260215118563583481e+00 6.309218419385238086e+00 6.358473760763989624e+00 6.407981064447123565e+00 6.457740235873499657e+00 6.507751164054417892e+00 6.558013721455306921e+00 6.608527763878146111e+00 6.659293130344764222e+00 6.710309642980961442e+00 6.761577106901494716e+00 6.813095310095936163e+00 6.864864023315449870e+00 6.916882999960503042e+00 6.969151975969500867e+00 7.021670669708396595e+00 7.074438781861315029e+00 7.127455995322153015e+00 7.180721975087213771e+00 7.234236368148933671e+00 7.287998803390641100e+00 7.342008891482398880e+00 7.396266224778038634e+00 7.450770377213233431e+00 7.505520904204795229e+00 7.560517342551138498e+00 7.615759210333924223e+00 7.671246006820947372e+00 7.726977212370244708e+00 7.782952288335524216e+00 7.839170676972770480e+00 7.895631801348265810e+00 0.000000000000000000e+00
6.104132493481041699e+00 6.152423120578288440e+00 6.200967495662139228e+00 6.249765604419783571e+00 6.298817416616290465e+00 6.348122885971781315e+00 6.397681950039382670e+00 6.447494530083853981e+00 6.497560530960952541e+00 6.547879840997602230e+00 6.598452331872812771e+00 6.649277858499391236e+00 6.700356258906532858e+00 6.751687354123216522e+00 6.803270948062476009e+00 6.855106827406567405e+00 6.907194761493042456e+00 6.959534502201761619e+00 7.012125783842849458e+00 7.064968323045621723e+00 7.118061818648540040e+00 7.171405951590122285e+00 7.225000384800956965e+00 7.278844763096722126e+00 7.332938713072339354e+00 7.387281842997150960e+00 7.441873742711312190e+00 7.496713983523275004e+00 7.551802118108421169e+00 7.607137680408917468e+00 7.662720185534789508e+00 7.718549129666167019e+00 7.774623989956834791e+00 7.830944224439030599e+00 7.887509271929547872e+00 7.944318551937119999e+00 0.000000000000000000e+00
6.141645282388772387e+00 6.190232678290174206e+00 6.239075381579894497e+00 6.288173377857166457e+00 6.337526636701240612e+00 6.387135111547829425e+00 6.436998739566300642e+00 6.487117441537538554e+00 6.537491121732601052e+00 6.588119667792125433e+00 6.639002950606531783e+00 6.690140824196988412e+00 6.741533125597311660e+00 6.793179674736618878e+00 6.845080274322891789e+00 6.897234709727448454e+00 6.949642748870311415e+00 7.002304142106524409e+00 7.055218622113421212e+00 7.108385903778880355e+00 7.161805684090564839e+00 7.215477642026221439e+00 7.269401438444980990e+00 7.323576715979752016e+00 7.378003098930697945e+00 7.432680193159796112e+00 7.487607585986575387e+00 7.542784846084968464e+00 7.598211523381335653e+00 7.653887148953706365e+00 7.709811234932217872e+00 7.765983274400785952e+00 7.822402741300068740e+00 7.879069090331656255e+00 7.935981756863584202e+00 7.993140156837212906e+00 0.000000000000000000e+00
6.179260768473475274e+00 6.228145745630448538e+00 6.277287593846563318e+00 6.326686298632851368e+00 6.376341829382238480e+00 6.426254139245256347e+00 6.476423165006452543e+00 6.526848826961525241e+00 6.577531028795219115e+00 6.628469657460010822e+00 6.679664583055566318e+00 6.731115658708989535e+00 6.782822720455978782e+00 6.834785587122778061e+00 6.887004060209027223e+00 6.939477923771514511e+00 6.992206944308851924e+00 7.045190870647094705e+00 7.098429433826309420e+00 7.151922346988164314e+00 7.205669305264477131e+00 7.259669985666841185e+00 7.313924046977267501e+00 7.368431129639906985e+00 7.423190855653889031e+00 7.478202828467235719e+00 7.533466632871950175e+00 7.588981834900232037e+00 7.644747981721893737e+00 7.700764601542989141e+00 7.757031203505604822e+00 7.813547277588972939e+00 7.870312294511822238e+00 7.927325705635967168e+00 7.984586942871272797e+00 8.042095418581938659e+00 0.000000000000000000e+00
6.216978019606319350e+00 6.266161383096085835e+00 6.315603185546165399e+00 6.365303412379162751e+00 6.415262032801182457e+00 6.465478999676788519e+00 6.515954249404671828e+00 6.566687701794026388e+00 6.617679259941712466e+00 6.668928810110179128e+00 6.720436221606190585e+00 6.772201346660376764e+00 6.824224020307612548e+00 6.876504060268290530e+00 6.929041266830428647e+00 6.981835422732733498e+00 7.034886293048568717e+00 7.088193625070847936e+00 7.141757148197963367e+00 7.195576573820636312e+00 7.249651595209825494e+00 7.303981887405633699e+00 7.358567107107342409e+00 7.413406892564435857e+00 7.468500863468771733e+00 7.523848620847887858e+00 7.579449746959419087e+00 7.635303805186691051e+00 7.691410339935522700e+00 7.747768876532190596e+00 7.804378921122674839e+00 7.861239960573123575e+00 7.918351462371596483e+00 7.975712874531121876e+00 8.033323625494027453e+00 8.091183124037666374e+00 8.149290759181452515e+00
6.254796091624130305e+00 6.304278639054493816e+00 6.354021197537468524e+00 6.404023752406969194e+00 6.454286272681790670e+00 6.504808710939767202e+00 6.555591003192703603e+00 6.606633068761987637e+00 6.657934810155013317e+00 6.709496112942361812e+00 6.761316845635792383e+00 6.813396859567035335e+00 6.865735988767492692e+00 6.918334049848733791e+00 6.971190841883931455e+00 7.024306146290179242e+00 7.077679726711768815e+00 7.131311328904407887e+00 7.185200680620386748e+00 7.239347491494826592e+00 7.293751452932824897e+00 7.348412237997766105e+00 7.403329501300606630e+00 7.458502878890294063e+00 7.513931988145263752e+00 7.569616427666086445e+00 7.625555777169258143e+00 7.681749597382159678e+00 7.738197429939197569e+00 7.794898797279213198e+00 7.851853202544050170e+00 7.909060129478444168e+00 7.966519042331169587e+00 8.024229385757505995e+00 8.082190584722964033e+00 8.140402044408482141e+00 8.198863150116867615e+00
6.292714028334296827e+00 6.342496549748505075e+00 6.392540658458972125e+00 6.442846339710712300e+00 6.493413562334700906e+00 6.544242278621286601e+00 6.595332424194367604e+00 6.646683917886241133e+00 6.698296661613278857e+00 6.750170540252365292e+00 6.802305421518147988e+00 6.854701155841099514e+00 6.907357576246485387e+00 6.960274498234134910e+00 7.013451719659151706e+00 7.066889020613537298e+00 7.120586163308745498e+00 7.174542891959197810e+00 7.228758932666757175e+00 7.283233993306291509e+00 7.337967763412130751e+00 7.392959914065694527e+00 7.448210097784117245e+00 7.503717948409999394e+00 7.559483081002236204e+00 7.615505091728026699e+00 7.671783557756021388e+00 7.728318037150634368e+00 7.785108068767556233e+00 7.842153172150550411e+00 7.899452847429400570e+00 7.957006575219187638e+00 8.014813816520845791e+00 8.072874012623033835e+00 8.131186585005281131e+00 8.189750935242594565e+00 0.000000000000000000e+00
6.330730861520977193e+00 6.380814139302577459e+00 6.431160584735206243e+00 6.481770182974733174e+00 6.532642902663825524e+00 6.583778695804606507e+00 6.635177497632047228e+00 6.686839226488077159e+00 6.738763783696506415e+00 6.790951053438715412e+00 6.843400902630160765e+00 6.896113180797703635e+00 6.949087719957852016e+00 7.002324334495787284e+00 7.055822821045383719e+00 7.109582958370082473e+00 7.163604507244763830e+00 7.217887210338541415e+00 7.272430792098554697e+00 7.327234958634820217e+00 7.382299397606019831e+00 7.437623778106444483e+00 7.493207750553944280e+00 7.549050946579011878e+00 7.605152978914958339e+00 7.661513441289270254e+00 7.718131908316093970e+00 7.775007935389937508e+00 7.832141058580531556e+00 7.889530794529007629e+00 7.947176640345229970e+00 8.005078073506467717e+00 8.063234551757343382e+00 8.121645513011111817e+00 0.000000000000000000e+00 0.000000000000000000e+00 0.000000000000000000e+00
6.368845610952558189e+00 6.419230419730363124e+00 6.469879980584325452e+00 6.520794278580943626e+00 6.571973282174103481e+00 6.623416943076945174e+00 6.675125196134516159e+00 6.727097959197120502e+00 6.779335132994479984e+00 6.831836601010668808e+00 6.884602229359905401e+00 6.937631866663114266e+00 6.990925343925431079e+00 7.044482474414542672e+00 7.098303053539924967e+00 7.152386858733051689e+00 7.206733649328526781e+00 7.261343166446168063e+00 7.316215132874143379e+00 7.371349252953057984e+00 7.426745212461129952e+00 7.482402678500386983e+00 7.538321299383996532e+00 7.594500704524648427e+00 7.650940504324081459e+00 7.707640290063770827e+00 7.764599633796799516e+00 7.821818088240874545e+00 7.879295186672607976e+00 7.937030442823010290e+00 7.995023350774257409e+00 8.053273384857714490e+00 0.000000000000000000e+00 0.000000000000000000e+00 0.000000000000000000e+00 0.000000000000000000e+00 0.000000000000000000e+00
6.407057284390441865e+00 6.457744390943516599e+00 6.508697838027001303e+00 6.559917610617793216e+00 6.611403676980507349e+00 6.663155988538580488e+00 6.715174479746139902e+00 6.767459067960603925e+00 6.820009653316098763e+00 6.872826118597632927e+00 6.925908329116131412e+00 6.979256132584284344e+00 7.032869358993297126e+00 7.086747820490487904e+00 7.140891311257857588e+00 7.195299607391507202e+00 7.249972466782089953e+00 7.304909628996222537e+00 7.360110815158841469e+00 7.415575727836672293e+00 7.471304050922666029e+00 7.527295449521544057e+00 7.583549569836424808e+00 7.640066039056543801e+00 7.696844465246154954e+00 7.753884437234503935e+00 7.811185524507085809e+00 7.868747277098015580e+00 7.926569225483667935e+00 7.984650880477537349e+00 8.042991733126411802e+00 8.101591254607759751e+00 0.000000000000000000e+00 0.000000000000000000e+00 0.000000000000000000e+00 0.000000000000000000e+00 0.000000000000000000e+00
6.445364877599081943e+00 6.496355040761856436e+00 6.547613136896664798e+00 6.599139150890579231e+00 6.650933050818467862e+00 6.702994787813329580e+00 6.755324295937400692e+00 6.807921492053984558e+00 6.860786275700096581e+00 6.913918528959936083e+00 6.967318116339123790e+00 7.020984884639820400e+00 7.074918662836766181e+00 7.129119261954104836e+00 7.183586474943260747e+00 7.238320076561620020e+00 7.293319823252272016e+00 7.348585453024711889e+00 7.404116685336487258e+00 7.459913220975986192e+00 7.515974741946156890e+00 7.572300911349399755e+00 7.628891373273490650e+00 7.685745752678644571e+00 7.742863655285733060e+00 7.800244667465638493e+00 7.857888356129810070e+00 7.915794268622045493e+00 7.973961932611436154e+00 8.032390855986660583e+00 8.091080526751483148e+00 0.000000000000000000e+00 0.000000000000000000e+00 0.000000000000000000e+00 0.000000000000000000e+00 0.000000000000000000e+00 0.000000000000000000e+00
6.483767374357390700e+00 6.535061344924829818e+00 6.586624844851048266e+00 6.638457858933079159e+00 6.690560355055575670e+00 0.000000000000000000e+00 0.000000000000000000e+00 0.000000000000000000e+00 0.000000000000000000e+00 0.000000000000000000e+00 0.000000000000000000e+00 7.062817015852378866e+00 7.117072139974912837e+00 0.000000000000000000e+00 0.000000000000000000e+00 0.000000000000000000e+00 0.000000000000000000e+00 0.000000000000000000e+00 7.448231576022505962e+00 7.504360556189149101e+00 7.560756100510710453e+00 7.617417870082286768e+00 7.674345506871085298e+00 7.731538633602768940e+00 7.788996853649037710e+00 7.846719750916298253e+00 7.904706889735600761e+00 7.962957814753729657e+00 8.021472050825577682e+00 8.080249102907728798e+00 0.000000000000000000e+00 0.000000000000000000e+00 0.000000000000000000e+00 0.000000000000000000e+00 0.000000000000000000e+00 0.000000000000000000e+00 0.000000000000000000e+00
6.522263746471399060e+00 6.573862267104277457e+00 6.625731917385073722e+00 6.677872682020555395e+00 6.730284528704691738e+00 0.000000000000000000e+00 0.000000000000000000e+00 0.000000000000000000e+00 0.000000000000000000e+00 0.000000000000000000e+00 0.000000000000000000e+00 0.000000000000000000e+00 0.000000000000000000e+00 0.000000000000000000e+00 0.000000000000000000e+00 0.000000000000000000e+00 0.000000000000000000e+00 0.000000000000000000e+00 0.000000000000000000e+00 0.000000000000000000e+00 0.000000000000000000e+00 0.000000000000000000e+00 7.719910753633694611e+00 7.777443455763742186e+00 7.835242825159171254e+00 7.893308443255916629e+00 7.951639871798295012e+00 8.010236652729510354e+00 8.069098308083342275e+00 0.000000000000000000e+00 0.000000000000000000e+00 0.000000000000000000e+00 0.000000000000000000e+00 0.000000000000000000e+00 0.000000000000000000e+00 0.000000000000000000e+00 0.000000000000000000e+00
0.000000000000000000e+00 6.612756758918558297e+00 6.664933297845066384e+00 6.717382555184066462e+00 0.000000000000000000e+00 0.000000000000000000e+00 0.000000000000000000e+00 0.000000000000000000e+00 0.000000000000000000e+00 0.000000000000000000e+00 0.000000000000000000e+00 0.000000000000000000e+00 0.000000000000000000e+00 0.000000000000000000e+00 0.000000000000000000e+00 0.000000000000000000e+00 0.000000000000000000e+00 0.000000000000000000e+00 0.000000000000000000e+00 0.000000000000000000e+00 0.000000000000000000e+00 0.000000000000000000e+00 0.000000000000000000e+00 7.823458978836069555e+00 7.881600320272968752e+00 7.940009485681168933e+00 7.998686034212038720e+00 8.057629505098667266e+00 8.116839417546930946e+00 0.000000000000000000e+00 0.000000000000000000e+00 0.000000000000000000e+00 0.000000000000000000e+00 0.000000000000000000e+00 0.000000000000000000e+00 0.000000000000000000e+00 0.000000000000000000e+00
0.000000000000000000e+00 0.000000000000000000e+00 0.000000000000000000e+00 0.000000000000000000e+00 0.000000000000000000e+00 0.000000000000000000e+00 0.000000000000000000e+00 0.000000000000000000e+00 0.000000000000000000e+00 0.000000000000000000e+00 0.000000000000000000e+00 0.000000000000000000e+00 0.000000000000000000e+00 0.000000000000000000e+00 0.000000000000000000e+00 0.000000000000000000e+00 0.000000000000000000e+00 0.000000000000000000e+00 0.000000000000000000e+00 0.000000000000000000e+00 0.000000000000000000e+00 0.000000000000000000e+00 0.000000000000000000e+00 0.000000000000000000e+00 7.928068075099376166e+00 7.986821604934536190e+00 8.045844094309959615e+00 8.105135079742167292e+00 0.000000000000000000e+00 0.000000000000000000e+00 0.000000000000000000e+00 0.000000000000000000e+00 0.000000000000000000e+00 0.000000000000000000e+00 0.000000000000000000e+00 0.000000000000000000e+00 0.000000000000000000e+00
