upland/rainfall_series/rainfall_5.asc
ncols 76
nrows 55
xllcorner 0.0
yllcorner 0.0
cellsize 10.0
[rows 34 to 50 of 55, columns 37 to 73 of 76]
4.620132635156313831e-07 4.468293583730709884e-07 4.321210169792110230e-07 4.178741551417560525e-07 4.040750787621164006e-07 3.907104738974726520e-07 3.777673970493402065e-07 3.652332656742258189e-07 3.530958489120701804e-07 3.413432585282504275e-07 3.299639400649504036e-07 3.189466641977521261e-07 3.082805182934158440e-07 2.979548981648290885e-07 2.879595000191792927e-07 2.782843125954666492e-07 2.689196094875454011e-07 2.598559416489016627e-07 2.510841300754910127e-07 2.425952586629549719e-07 2.343806672346529510e-07 2.264319447369608380e-07 2.187409225983547360e-07 2.112996682488699328e-07 2.041004787965737070e-07 1.971358748577196894e-07 1.903985945373567681e-07 1.838815875571812265e-07 1.775780095274805398e-07 1.714812163600897083e-07 1.655847588193163938e-07 1.598823772078410201e-07 1.543679961846726461e-07 1.490357197122692626e-07 1.438798261299863571e-07 1.388947633510867537e-07 0.000000000000000000e+00
4.674568731453241895e-07 4.520940656664503362e-07 4.372124252026910577e-07 4.227977016166342937e-07 4.088360394607989777e-07 3.953139679226130633e-07 3.822183909985478454e-07 3.695365778929680566e-07 3.572561536373406557e-07 3.453650899255047805e-07 3.338516961607835820e-07 3.227046107107449671e-07 3.119127923655029836e-07 3.014655119955272269e-07 2.913523444049393514e-07 2.815631603763937174e-07 2.720881189036601162e-07 2.629176596080982466e-07 2.540424953352700020e-07 2.454536049280088354e-07 2.371422261722985116e-07 2.290998489123969292e-07 2.213182083316757455e-07 2.137892783957256258e-07 2.065052654543151114e-07 1.994586019988571392e-07 1.926419405720930467e-07 1.860481478267558288e-07 1.796702987300233287e-07 1.735016709106496560e-07 1.675357391456824986e-07 1.617661699837538042e-07 1.561868165019790564e-07 1.507917131935396789e-07 1.455750709830880585e-07 1.405312723671665052e-07 0.000000000000000000e+00
4.729389562922473539e-07 4.573959820583051846e-07 4.423398177078043420e-07 4.277560459853782695e-07 4.136306489542957471e-07 3.999499978235329383e-07 3.867008430066631607e-07 3.738703044081179867e-07 3.614458619323794227e-07 3.494153462117732388e-07 3.377669295485827049e-07 3.264891170672528084e-07 3.155707380725186627e-07 3.050009376093800156e-07 2.947691682208608082e-07 2.848651818995942251e-07 2.752790222293158665e-07 2.660010167123978073e-07 2.570217692796431293e-07 2.483321529785988943e-07 2.399233028367099523e-07 2.317866088956970981e-07 2.239137094136015086e-07 2.162964842309935895e-07 2.089270482978978255e-07 2.017977453580500313e-07 1.949011417871593526e-07 1.882300205818925816e-07 1.817773754963634884e-07 1.755364053229656733e-07 1.695005083144362776e-07 1.636632767440913885e-07 1.580184916012368637e-07 1.525601174187931650e-07 1.472822972302472193e-07 1.421793476530770470e-07 0.000000000000000000e+00
4.784593657018084440e-07 4.627349651335115296e-07 4.475030567673264306e-07 4.327490550615752392e-07 4.184587784542879801e-07 4.046184390715283141e-07 3.912146326702493242e-07 3.782343288111637978e-07 3.656648612571585785e-07 3.534939185928577844e-07 3.417095350610087272e-07 3.303000816114040141e-07 3.192542571581435266e-07 3.085610800410881439e-07 2.982098796874151000e-07 2.881902884692528921e-07 2.784922337534488840e-07 2.691059301395432371e-07 2.600218718821381012e-07 2.512308254938578833e-07 2.427238225252050418e-07 2.344921525176257004e-07 2.265273561262079572e-07 2.188212184084546077e-07 2.113657622756545362e-07 2.041532421034148807e-07 1.971761374980036367e-07 1.904271472151661604e-07 1.838991832281743176e-07 1.775853649419035575e-07 1.714790135497846981e-07 1.655736465305454497e-07 1.598629722817014377e-07 1.543408848868086829e-07 1.490014590135479439e-07 1.438389449397600830e-07 0.000000000000000000e+00
4.840179461209113354e-07 4.681108647413124209e-07 4.527019971730322761e-07 4.377765884244592784e-07 4.233202921769963837e-07 4.093191603738105541e-07 3.957596330458554888e-07 3.826285283705733539e-07 3.699130329587546296e-07 3.576006923651300110e-07 3.456794018182923319e-07 3.341373971656306559e-07 3.229632460290191342e-07 3.121458391670747537e-07 3.016743820398391239e-07 2.915383865718181225e-07 2.817276631093838909e-07 2.722323125685793550e-07 2.630427187694432117e-07 2.541495409530418288e-07 2.455437064774382309e-07 2.372164036888946795e-07 2.291590749646659692e-07 2.213634099238100217e-07 2.138213388024733774e-07 2.065250259901988161e-07 1.994668637238412444e-07 1.926394659357396651e-07 1.860356622528491588e-07 1.796484921435985606e-07 1.734711992092850455e-07 1.674972256168781374e-07 1.617202066701663544e-07 1.561339655162168371e-07 1.507325079841859139e-07 1.455100175535729227e-07 0.000000000000000000e+00
4.896145342384960337e-07 4.735235229378114125e-07 4.579364861800836462e-07 4.428384983651320985e-07 4.282150472911765605e-07 4.140520236232157256e-07 4.003357106013997444e-07 3.870527739847901130e-07 3.741902522259087214e-07 3.617355468716007656e-07 3.496764131857731750e-07 3.380009509896261141e-07 3.266975957150761641e-07 3.157551096671397813e-07 3.051625734910758518e-07 2.949093778401874933e-07 2.849852152402288865e-07 2.753800721464102981e-07 2.660842211890967404e-07 2.570882136043082023e-07 2.483828718452369628e-07 2.399592823710206824e-07 2.318087886090926110e-07 2.239229840874885319e-07 2.162937057335318092e-07 2.089130273354052259e-07 2.017732531631494322e-07 1.948669117457028609e-07 1.881867498006468611e-07 1.817257263133867131e-07 1.754770067625352951e-07 1.694339574883481470e-07 1.635901402010971387e-07 1.579393066263196339e-07 1.524753932839542067e-07 1.471925163984121156e-07 0.000000000000000000e+00
4.952489586275781155e-07 4.789727739299079287e-07 4.632063634528166323e-07 4.479346298341312836e-07 4.331428938674256213e-07 4.188168838491874912e-07 4.049427251687687307e-07 3.915069301364111859e-07 3.784963880447263385e-07 3.658983554590969686e-07 3.537004467324998262e-07 3.418906247403264761e-07 3.304571918308541782e-07 3.193887809870743584e-07 3.086743471956430279e-07 2.983031590187954912e-07 2.882647903651269192e-07 2.785491124551950006e-07 2.691462859779807154e-07 2.600467534342790098e-07 2.512412316631930591e-07 2.427207045479185664e-07 2.344764158971061582e-07 2.264998624981359724e-07 2.187827873386872119e-07 2.113171729930622487e-07 2.040952351697798474e-07 1.971094164169999004e-07 1.903523799824138869e-07 1.838170038242885196e-07 1.774963747703976117e-07 1.713837828216501206e-07 1.654727155972623208e-07 1.597568529183916729e-07 1.542300615271877030e-07 1.488863899382884212e-07 1.437200634198283956e-07
5.009210396888268053e-07 4.844584440207469127e-07 4.685114610119751503e-07 4.530648203904147136e-07 4.381036748288405576e-07 4.236135891700749666e-07 4.095805298976991283e-07 3.959908548475877689e-07 3.828313031555610511e-07 3.700889854365797578e-07 3.577513741909364648e-07 3.458062944329635387e-07 3.342419145378567781e-07 3.230467373022831821e-07 3.122095912144776491e-07 3.017196219296317153e-07 2.915662839464281601e-07 2.817393324806208334e-07 2.722288155316659440e-07 2.630250661384217427e-07 2.541186948200487828e-07 2.455005821982513054e-07 2.371618717971144882e-07 2.290939630168150843e-07 2.212885042775578120e-07 2.137373863301532736e-07 2.064327357297123704e-07 1.993669084689792448e-07 1.925324837678998982e-07 1.859222580160725544e-07 1.795292388647830608e-07 1.733466394653908290e-07 1.673678728508862647e-07 1.615865464574842655e-07 1.559964567831978734e-07 1.505915841803661924e-07 1.453660877791816153e-07
5.066305895957373798e-07 4.899803515566702120e-07 4.738516031834223537e-07 4.582289001517501623e-07 4.430972259030578598e-07 4.284419807467476075e-07 4.142489712109292230e-07 4.005043996366767508e-07 3.871948540111052839e-07 3.743072980346306379e-07 3.618290614178053406e-07 3.497478304032141344e-07 3.380516385079679868e-07 3.267288574824167602e-07 3.157681884807499797e-07 3.051586534392117277e-07 2.948895866577666075e-07 2.849506265810578933e-07 2.753317077746086286e-07 2.660230530922512644e-07 2.570151660308710642e-07 2.482988232685550636e-07 2.398650673823575436e-07 2.317051997419264848e-07 2.238107735752958197e-07 2.161735872032141341e-07 2.087856774384512995e-07 2.016393131465652545e-07 1.947269889646813536e-07 1.880414191749002010e-07 1.815755317289932450e-07 1.753224624211160037e-07 1.692755492053254368e-07 1.634283266547334568e-07 1.577745205591934708e-07 1.523080426584781820e-07 0.000000000000000000e+00
5.123774122413944060e-07 4.955383068757513859e-07 4.792266065483551082e-07 4.634266917465850855e-07 4.481233755756999508e-07 4.333018927375926142e-07 4.189478887606860822e-07 4.050474094761605923e-07 3.915868907357098116e-07 3.785531483661239523e-07 3.659333683560656883e-07 3.537150972704485367e-07 3.418862328879262052e-07 3.304350150570469365e-07 3.193500167666955409e-07 3.086201354265147388e-07 2.982345843530805984e-07 2.881828844576240650e-07 2.784548561312225507e-07 2.690406113233817460e-07 2.599305458100550793e-07 2.511153316471512161e-07 2.425859098056993673e-07 2.343334829848627435e-07 2.263495085990748522e-07 2.186256919356256378e-07 2.111539794790946622e-07 2.039265523990743186e-07 1.969358201977018768e-07 1.901744145135710966e-07 1.836351830786482979e-07 1.773111838248867356e-07 1.711956791372851877e-07 1.652821302501905096e-07 0.000000000000000000e+00 0.000000000000000000e+00 0.000000000000000000e+00
5.181613031869121044e-07 5.011321122579174822e-07 4.846362798950818233e-07 4.686580102673972868e-07 4.531819450452814286e-07 4.381931522549046464e-07 4.236771153865183487e-07 4.096197227518893182e-07 3.960072570859794156e-07 3.828263853881354408e-07 3.700641489980902406e-07 3.577079539021370769e-07 3.457455612649280038e-07 3.341650781824104178e-07 3.229549486514716934e-07 3.121039447519288907e-07 3.016011580365972423e-07 2.914359911251806537e-07 2.815981494978595918e-07 2.720776334844546989e-07 2.628647304451618893e-07 2.539500071388775035e-07 2.453243022752224622e-07 2.369787192464280965e-07 2.289046190353096718e-07 2.210936132956106672e-07 2.135375576010828727e-07 2.062285448596950047e-07 1.991588988894556303e-07 1.923211681523831787e-07 1.857081196432032226e-07 1.793127329294374140e-07 0.000000000000000000e+00 0.000000000000000000e+00 0.000000000000000000e+00 0.000000000000000000e+00 0.000000000000000000e+00
5.239820496115459085e-07 5.067615618767010877e-07 4.900804241723496132e-07 4.739226632255814669e-07 4.582727481795699286e-07 4.431155793226902412e-07 4.284364770745046696e-07 4.142211712236350404e-07 4.004557904126388255e-07 3.871268518650766665e-07 3.742212513500363757e-07 3.617262533794097315e-07 3.496294816333295635e-07 3.379189096092349695e-07 3.265828514900640628e-07 3.156099532271962527e-07 3.049891838337946504e-07 2.947098268842730427e-07 2.847614722156921850e-07 2.751340078269361173e-07 2.658176119716096795e-07 2.568027454406335551e-07 2.480801440306017931e-07 2.396408111940202263e-07 2.314760108676150116e-07 2.235772604749434778e-07 2.159363240996359226e-07 2.085452058256265137e-07 2.013961432408089538e-07 1.944816011006158567e-07 1.877942651480684555e-07 1.813270360869116068e-07 0.000000000000000000e+00 0.000000000000000000e+00 0.000000000000000000e+00 0.000000000000000000e+00 0.000000000000000000e+00
5.298394302645282657e-07 5.124264417526668566e-07 4.955588324443135909e-07 4.792204505078850483e-07 4.633955914734691575e-07 4.480689868359513632e-07 4.332257929178785753e-07 4.188515799870263496e-07 4.049323216237301963e-07 3.914543843331174076e-07 3.784045173974475797e-07 3.657698429638076969e-07 3.535378463625225273e-07 3.416963666516840635e-07 3.302335873832724047e-07 3.191380275864079775e-07 3.083985329633713913e-07 2.980042672940461793e-07 2.879447040445449732e-07 2.782096181758359848e-07 2.687890781482444811e-07 2.596734381177817570e-07 2.508533303203061532e-07 2.423196576396068490e-07 2.340635863555365783e-07 2.260765390684059725e-07 2.183501877959114481e-07 2.108764472389169672e-07 2.036474682124916886e-07 1.966556312386565049e-07 1.898935402973504051e-07 0.000000000000000000e+00 0.000000000000000000e+00 0.000000000000000000e+00 0.000000000000000000e+00 0.000000000000000000e+00 0.000000000000000000e+00
5.357332154186719838e-07 5.181265297085306230e-07 5.010712898471289698e-07 4.845511643344406575e-07 4.685502740084372272e-07 0.000000000000000000e+00 0.000000000000000000e+00 0.000000000000000000e+00 0.000000000000000000e+00 0.000000000000000000e+00 0.000000000000000000e+00 3.698385640652495028e-07 3.574705021659585883e-07 0.000000000000000000e+00 0.000000000000000000e+00 0.000000000000000000e+00 0.000000000000000000e+00 0.000000000000000000e+00 2.911477201376753565e-07 2.813043439053387140e-07 2.717790124337981087e-07 2.625619725814020881e-07 2.536437523796288297e-07 2.450151535185003129e-07 2.366672440140444111e-07 2.285913510539848918e-07 2.207790540178789913e-07 2.132221776679920018e-07 2.059127855072625284e-07 1.988431733007764974e-07 0.000000000000000000e+00 0.000000000000000000e+00 0.000000000000000000e+00 0.000000000000000000e+00 0.000000000000000000e+00 0.000000000000000000e+00 0.000000000000000000e+00
5.416631668257485357e-07 5.238615953260090014e-07 5.066175735472211392e-07 4.899145892184103517e-07 4.737365874134611466e-07 0.000000000000000000e+00 0.000000000000000000e+00 0.000000000000000000e+00 0.000000000000000000e+00 0.000000000000000000e+00 0.000000000000000000e+00 0.000000000000000000e+00 0.000000000000000000e+00 0.000000000000000000e+00 0.000000000000000000e+00 0.000000000000000000e+00 0.000000000000000000e+00 0.000000000000000000e+00 0.000000000000000000e+00 0.000000000000000000e+00 0.000000000000000000e+00 0.000000000000000000e+00 2.564512974095638193e-07 2.477271898689563067e-07 2.392868785938291482e-07 2.311215947738348807e-07 2.232228245819329528e-07 2.155823022898975967e-07 2.081920035527585077e-07 0.000000000000000000e+00 0.000000000000000000e+00 0.000000000000000000e+00 0.000000000000000000e+00 0.000000000000000000e+00 0.000000000000000000e+00 0.000000000000000000e+00 0.000000000000000000e+00
0.000000000000000000e+00 5.296313999044504035e-07 5.121974527012800860e-07 4.953105019272976012e-07 0.000000000000000000e+00 0.000000000000000000e+00 0.000000000000000000e+00 0.000000000000000000e+00 0.000000000000000000e+00 0.000000000000000000e+00 0.000000000000000000e+00 0.000000000000000000e+00 0.000000000000000000e+00 0.000000000000000000e+00 0.000000000000000000e+00 0.000000000000000000e+00 0.000000000000000000e+00 0.000000000000000000e+00 0.000000000000000000e+00 0.000000000000000000e+00 0.000000000000000000e+00 0.000000000000000000e+00 0.000000000000000000e+00 2.504556538126069224e-07 2.419223810624012809e-07 2.336671649160264905e-07 2.256813977752668948e-07 2.179567228732753464e-07 2.104850274850550456e-07 0.000000000000000000e+00 0.000000000000000000e+00 0.000000000000000000e+00 0.000000000000000000e+00 0.000000000000000000e+00 0.000000000000000000e+00 0.000000000000000000e+00 0.000000000000000000e+00
0.000000000000000000e+00 0.000000000000000000e+00 0.000000000000000000e+00 0.000000000000000000e+00 0.000000000000000000e+00 0.000000000000000000e+00 0.000000000000000000e+00 0.000000000000000000e+00 0.000000000000000000e+00 0.000000000000000000e+00 0.000000000000000000e+00 0.000000000000000000e+00 0.000000000000000000e+00 0.000000000000000000e+00 0.000000000000000000e+00 0.000000000000000000e+00 0.000000000000000000e+00 0.000000000000000000e+00 0.000000000000000000e+00 0.000000000000000000e+00 0.000000000000000000e+00 0.000000000000000000e+00 0.000000000000000000e+00 0.000000000000000000e+00 2.445736385860101499e-07 2.362279524970823710e-07 2.281546683390015715e-07 2.203453377620724294e-07 0.000000000000000000e+00 0.000000000000000000e+00 0.000000000000000000e+00 0.000000000000000000e+00 0.000000000000000000e+00 0.000000000000000000e+00 0.000000000000000000e+00 0.000000000000000000e+00 0.000000000000000000e+00
