upland/rainfall_series/rainfall_1.asc
ncols 76
nrows 55
xllcorner 0.0
yllcorner 0.0
cellsize 10.0
[rows 34 to 50 of 55, columns 37 to 73 of 76]
0.000000000000000000e+00 0.000000000000000000e+00 0.000000000000000000e+00 0.000000000000000000e+00 0.000000000000000000e+00 0.000000000000000000e+00 0.000000000000000000e+00 0.000000000000000000e+00 3.612855721125444175e-01 3.648300428768102566e-01 3.684028242263888697e-01 3.720040674343474407e-01 3.756339237485445404e-01 3.792925443807128039e-01 3.829800804954477944e-01 3.866966831990858999e-01 3.904425035284876389e-01 3.942176924397075011e-01 3.980224007965721400e-01 4.018567793591450998e-01 4.057209787721019478e-01 4.096151495529888886e-01 4.135394420803948368e-01 4.174940065820068047e-01 4.214789931225785824e-01 4.254945515917869514e-01 4.295408316919945291e-01 4.336179829259093621e-01 4.377261545841446555e-01 4.418654957326808019e-01 4.460361552002268248e-01 4.502382815654825676e-01 4.544720231443040159e-01 4.587375279767709202e-01 4.630349438141548868e-01 4.673644181057937663e-01 0.000000000000000000e+00
0.000000000000000000e+00 0.000000000000000000e+00 0.000000000000000000e+00 0.000000000000000000e+00 0.000000000000000000e+00 0.000000000000000000e+00 0.000000000000000000e+00 3.606461094515750476e-01 3.641906958358161472e-01 3.677636679488723304e-01 3.713651782947295366e-01 3.749953793628530430e-01 3.786544236172954547e-01 3.823424634856951165e-01 3.860596513481724390e-01 3.898061395261221973e-01 3.935820802709014687e-01 3.973876257524150968e-01 4.012229280475948512e-01 4.050881391287794453e-01 4.089834108519876943e-01 4.129088949450891444e-01 4.168647429958765582e-01 4.208511064400308199e-01 4.248681365489857531e-01 4.289159844176934633e-01 4.329948009522824881e-01 4.371047368576242431e-01 4.412459426247883898e-01 4.454185685184064436e-01 4.496227645639283010e-01 4.538586805347873954e-01 4.581264659394577166e-01 4.624262700084212363e-01 4.667582416810269752e-01 4.711225295922638612e-01 0.000000000000000000e+00
0.000000000000000000e+00 0.000000000000000000e+00 0.000000000000000000e+00 0.000000000000000000e+00 0.000000000000000000e+00 0.000000000000000000e+00 3.599951470790545005e-01 3.635397133098328126e-01 3.671127392878156814e-01 3.707143787443447080e-01 3.743447854070041103e-01 3.780041129887424800e-01 3.816925151768894575e-01 3.854101456220707655e-01 3.891571579270103887e-01 3.929337056352379398e-01 3.967399422196820069e-01 4.005760210711657998e-01 4.044420954867926077e-01 4.083383186582355551e-01 4.122648436599118393e-01 4.162218234370640979e-01 4.202094107937314749e-01 4.242277583806235985e-01 4.282770186828826486e-01 4.323573440077543295e-01 4.364688864721467110e-01 4.406117979900933124e-01 4.447862302601138795e-01 4.489923347524698016e-01 4.532302626963249370e-01 4.575001650668018005e-01 4.618021925719403287e-01 4.661364956395550596e-01 4.705032244039950573e-01 4.749025286928037493e-01 0.000000000000000000e+00
0.000000000000000000e+00 0.000000000000000000e+00 0.000000000000000000e+00 0.000000000000000000e+00 0.000000000000000000e+00 3.593327513910467563e-01 3.628771617380439629e-01 3.664501047175639514e-01 3.700517352846059427e-01 3.736822084012393352e-01 3.773416790257459463e-01 3.810303021016543390e-01 3.847482325466707875e-01 3.884956252415005529e-01 3.922726350185672395e-01 3.960794166506231284e-01 3.999161248392570367e-01 4.037829142032920982e-01 4.076799392670853450e-01 4.116073544487144353e-01 4.155653140480670138e-01 4.195539722348182177e-01 4.235734830363138137e-01 4.276240003253371502e-01 4.317056778077827950e-01 4.358186690102229810e-01 4.399631272673685256e-01 4.441392057094321055e-01 4.483470572493865602e-01 4.525868345701196671e-01 4.568586901114911614e-01 4.611627760572856727e-01 4.654992443220672405e-01 4.698682465379307449e-01 4.742699340411563602e-01 4.787044578587638655e-01 0.000000000000000000e+00
0.000000000000000000e+00 0.000000000000000000e+00 0.000000000000000000e+00 0.000000000000000000e+00 0.000000000000000000e+00 3.622031086563733959e-01 3.657758318247086859e-01 3.693773155448093481e-01 3.730077160094608657e-01 3.766671894185709690e-01 3.803558919682330508e-01 3.840739798396654581e-01 3.878216091880619665e-01 3.915989361313174655e-01 3.954061167386601072e-01 3.992433070191700462e-01 4.031106629101952610e-01 4.070083402656580196e-01 4.109364948442581489e-01 4.148952822975682797e-01 4.188848581580262853e-01 4.229053778268190844e-01 4.269569965616646923e-01 4.310398694644856921e-01 4.351541514689825640e-01 4.392999973281008219e-01 4.434775616013917898e-01 4.476869986422767900e-01 4.519284625851981985e-01 4.562021073326793519e-01 4.605080865422720438e-01 4.648465536134094300e-01 4.692176616741497996e-01 4.736215635678305835e-01 4.780584118396074556e-01 4.825283587229075022e-01 0.000000000000000000e+00
0.000000000000000000e+00 0.000000000000000000e+00 0.000000000000000000e+00 0.000000000000000000e+00 3.615176226860171149e-01 3.650899892965999705e-01 3.686911882706387922e-01 3.723213770277188361e-01 3.759807130055315416e-01 3.796693536489524345e-01 3.833874563990087858e-01 3.871351786817378571e-01 3.909126778969410632e-01 3.947201114068266126e-01 3.985576365245457886e-01 4.024254105026250916e-01 4.063235905212842503e-01 4.102523336766544237e-01 4.142117969688839940e-01 4.182021372901423839e-01 4.222235114125121314e-01 4.262760759757804330e-01 4.303599874751202758e-01 4.344754022486710388e-01 4.386224764650052954e-01 4.428013661105020260e-01 4.470122269766044765e-01 4.512552146469812620e-01 4.555304844845804446e-01 4.598381916185785845e-01 4.641784909312307028e-01 4.685515370446135530e-01 4.729574843072697488e-01 4.773964867807476420e-01 4.818686982260408924e-01 4.863742720899263405e-01 0.000000000000000000e+00
0.000000000000000000e+00 0.000000000000000000e+00 0.000000000000000000e+00 3.608207735218038059e-01 3.643926469096939735e-01 3.679934233124885212e-01 3.716232613725219402e-01 3.752823197612825679e-01 3.789707571685096976e-01 3.826887322911839417e-01 3.864364038224054054e-01 3.902139304401666675e-01 3.940214707960144613e-01 3.978591835036042190e-01 4.017272271271449813e-01 4.056257601697370041e-01 4.095549410616001196e-01 4.135149281481965700e-01 4.175058796782424864e-01 4.215279537916162278e-01 4.255813085071537549e-01 4.296661017103452496e-01 4.337824911409152717e-01 4.379306343803047175e-01 4.421106888390431977e-01 4.463228117440124487e-01 4.505671601256135417e-01 4.548438908048164087e-01 4.591531603801172756e-01 4.634951252143811318e-01 4.678699414215882757e-01 4.722777648534698391e-01 4.767187510860507182e-01 4.811930554060755427e-01 4.857008327973471040e-01 4.902422379269510411e-01 4.948174251313883776e-01
0.000000000000000000e+00 0.000000000000000000e+00 3.601126319203925008e-01 3.636838755177230209e-01 3.672840916136186351e-01 3.709134400689726441e-01 3.745720807849426959e-01 3.782601736920703783e-01 3.819778787392936747e-01 3.857253558828480089e-01 3.895027650750592652e-01 3.933102662530250093e-01 3.971480193271874626e-01 4.010161841697956753e-01 4.049149206032618964e-01 4.088443883884030350e-01 4.128047472125790929e-01 4.167961566777176330e-01 4.208187762882339422e-01 4.248727654388412267e-01 4.289582834022518387e-01 4.330754893167699238e-01 4.372245421737823157e-01 4.414056008051324698e-01 4.456188238703980287e-01 4.498643698440523142e-01 4.541423970025264545e-01 4.584530634111615988e-01 4.627965269110567159e-01 4.671729451058126981e-01 4.715824753481687170e-01 4.760252747265364959e-01 4.805015000514293311e-01 4.850113078417891410e-01 4.895548543112097639e-01 4.941322953540571716e-01 4.987437865314860441e-01
0.000000000000000000e+00 3.593932696883052058e-01 3.629637470397064081e-01 3.665632651981390322e-01 3.701919852387285381e-01 3.738500682880319670e-01 3.775376755131912843e-01 3.812549681109619892e-01 3.850021072966460234e-01 3.887792542928966699e-01 3.925865703184298616e-01 3.964242165766089787e-01 4.002923542439348892e-01 4.041911444584109225e-01 4.081207483078086451e-01 4.120813268178175059e-01 4.160730409400879015e-01 4.200960515401622741e-01 4.241505193852983524e-01 4.282366051321821465e-01 4.323544693145338069e-01 4.365042723306025718e-01 4.406861744305538009e-01 4.449003357037500939e-01 4.491469160659208870e-01 4.534260752462289656e-01 4.577379727742237336e-01 4.620827679666967835e-01 4.664606199144192278e-01 4.708716874687851606e-01 4.753161292283403228e-01 4.797941035252115682e-01 4.843057684114245864e-01 4.888512816451287546e-01 4.934308006767036403e-01 4.980444826347759091e-01 0.000000000000000000e+00
0.000000000000000000e+00 3.622323344477920704e-01 3.658310171588303739e-01 3.694589700877969896e-01 3.731163555822442635e-01 3.768033360415679600e-01 3.805200739060644044e-01 3.842667316458825977e-01 3.880434717498588704e-01 3.918504567142439554e-01 3.956878490313152641e-01 3.995558111778821364e-01 4.034545056036736854e-01 4.073840947196210038e-01 4.113447408860249066e-01 4.153366064006146496e-01 4.193598534864942939e-01 4.234146442799807675e-01 4.275011408183292949e-01 4.316195050273512468e-01 4.357698987089183573e-01 4.399524835283635249e-01 4.441674210017647617e-01 4.484148724831271138e-01 4.526949991514524485e-01 4.570079619976980534e-01 4.613539218116370910e-01 4.657330391685973181e-01 4.701454744161071009e-01 4.745913876604221371e-01 4.790709387529549224e-01 4.835842872765909184e-01 4.881315925319084092e-01 4.927130135232800079e-01 0.000000000000000000e+00 0.000000000000000000e+00 0.000000000000000000e+00
3.614897117549432104e-01 3.650874216447931864e-01 3.687144688941601522e-01 3.723710170670456732e-01 3.760572297906127348e-01 3.797732707442763589e-01 3.835193036486751472e-01 3.872954922545351897e-01 3.911020003314164550e-01 3.949389916563534331e-01 3.988066300023747623e-01 4.027050791269191077e-01 4.066345027601330209e-01 4.105950645930560028e-01 4.145869282657015931e-01 4.186102573550163908e-01 4.226652153627354913e-01 4.267519657031202396e-01 4.308706716905924550e-01 4.350214965272488077e-01 4.392046032902726105e-01 4.434201549192280378e-01 4.476683142032525375e-01 4.519492437681293939e-01 4.562631060632607038e-01 4.606100633485244455e-01 4.649902776810231897e-01 4.694039109017294487e-01 4.738511246220163953e-01 4.783320802100861080e-01 4.828469387772869603e-01 4.873958611643254835e-01 0.000000000000000000e+00 0.000000000000000000e+00 0.000000000000000000e+00 0.000000000000000000e+00 0.000000000000000000e+00
3.643325538489460280e-01 3.679585569952406043e-01 3.716141282171087634e-01 3.752994323648574104e-01 3.790146343524545269e-01 3.827598991465278044e-01 3.865353917552551977e-01 3.903412772171374057e-01 3.941777205896591640e-01 3.980448869378344634e-01 4.019429413226450754e-01 4.058720487893557327e-01 4.098323743557261700e-01 4.138240830001036485e-01 4.178473396494039038e-01 4.219023091669835135e-01 4.259891563403932491e-01 4.301080458690250685e-01 4.342591423516431459e-01 4.384426102738062103e-01 4.426586139951738663e-01 4.469073177367087202e-01 4.511888855677590460e-01 4.555034813930380344e-01 4.598512689394878006e-01 4.642324117430373653e-01 4.686470731352456731e-01 4.730954162298413035e-01 4.775776039091482739e-01 4.820937988104073701e-01 4.866441633119841792e-01 4.912288595194768681e-01 0.000000000000000000e+00 0.000000000000000000e+00 0.000000000000000000e+00 0.000000000000000000e+00 0.000000000000000000e+00
3.671913107752013961e-01 3.708457655695841515e-01 3.745300204471936900e-01 3.782442415518444956e-01 3.819885950915117290e-01 3.857632473272439855e-01 3.895683645619658075e-01 3.934041131291610705e-01 3.972706593814485099e-01 4.011681696790356244e-01 4.050968103780629437e-01 4.090567478188338324e-01 4.130481483139297194e-01 4.170711781362091419e-01 4.211260035066977103e-01 4.252127905823617215e-01 4.293317054437672531e-01 4.334829140826296778e-01 4.376665823892472718e-01 4.418828761398241878e-01 4.461319609836784661e-01 4.504140024303412426e-01 4.547291658365406053e-01 4.590776163930791465e-01 4.634595191115908897e-01 4.678750388111994618e-01 4.723243401050541412e-01 4.768075873867662628e-01 4.813249448167243871e-01 4.858765763083121580e-01 4.904626455140073671e-01 0.000000000000000000e+00 0.000000000000000000e+00 0.000000000000000000e+00 0.000000000000000000e+00 0.000000000000000000e+00 0.000000000000000000e+00
3.700660067112083174e-01 3.737490717859479061e-01 3.774621702451262939e-01 3.812054695332793286e-01 3.849791371596024137e-01 0.000000000000000000e+00 0.000000000000000000e+00 0.000000000000000000e+00 0.000000000000000000e+00 0.000000000000000000e+00 0.000000000000000000e+00 4.122592031494586307e-01 4.162818518316586114e-01 0.000000000000000000e+00 0.000000000000000000e+00 0.000000000000000000e+00 0.000000000000000000e+00 0.000000000000000000e+00 4.410930206213077853e-01 4.453423232208252869e-01 4.496246736310857139e-01 4.539402386573739290e-01 4.582891849509759807e-01 4.626716789959513521e-01 4.670878870957930751e-01 4.715379753599701074e-01 4.760221096903713422e-01 4.805404557676223321e-01 4.850931790373061991e-01 4.896804446960623669e-01 0.000000000000000000e+00 0.000000000000000000e+00 0.000000000000000000e+00 0.000000000000000000e+00 0.000000000000000000e+00 0.000000000000000000e+00 0.000000000000000000e+00
3.729566651817975975e-01 3.766684994032912792e-01 3.804106016059067286e-01 3.841831405421191614e-01 3.879862850295740517e-01 0.000000000000000000e+00 0.000000000000000000e+00 0.000000000000000000e+00 0.000000000000000000e+00 0.000000000000000000e+00 0.000000000000000000e+00 0.000000000000000000e+00 0.000000000000000000e+00 0.000000000000000000e+00 0.000000000000000000e+00 0.000000000000000000e+00 0.000000000000000000e+00 0.000000000000000000e+00 0.000000000000000000e+00 0.000000000000000000e+00 0.000000000000000000e+00 0.000000000000000000e+00 4.618689720441790936e-01 4.662856986133631643e-01 4.707364025845356403e-01 4.752212513646820735e-01 4.797404121515804198e-01 4.842940519200231719e-01 4.888823374079192541e-01 0.000000000000000000e+00 0.000000000000000000e+00 0.000000000000000000e+00 0.000000000000000000e+00 0.000000000000000000e+00 0.000000000000000000e+00 0.000000000000000000e+00 0.000000000000000000e+00
0.000000000000000000e+00 3.796040715145785893e-01 3.833753378519194621e-01 3.871772781320392265e-01 0.000000000000000000e+00 0.000000000000000000e+00 0.000000000000000000e+00 0.000000000000000000e+00 0.000000000000000000e+00 0.000000000000000000e+00 0.000000000000000000e+00 0.000000000000000000e+00 0.000000000000000000e+00 0.000000000000000000e+00 0.000000000000000000e+00 0.000000000000000000e+00 0.000000000000000000e+00 0.000000000000000000e+00 0.000000000000000000e+00 0.000000000000000000e+00 0.000000000000000000e+00 0.000000000000000000e+00 0.000000000000000000e+00 4.699197038325672593e-01 4.744050944379394341e-01 4.789248959604128220e-01 4.834792769008245394e-01 4.880684055352861872e-01 4.926924499011835490e-01 0.000000000000000000e+00 0.000000000000000000e+00 0.000000000000000000e+00 0.000000000000000000e+00 0.000000000000000000e+00 0.000000000000000000e+00 0.000000000000000000e+00 0.000000000000000000e+00
0.000000000000000000e+00 0.000000000000000000e+00 0.000000000000000000e+00 0.000000000000000000e+00 0.000000000000000000e+00 0.000000000000000000e+00 0.000000000000000000e+00 0.000000000000000000e+00 0.000000000000000000e+00 0.000000000000000000e+00 0.000000000000000000e+00 0.000000000000000000e+00 0.000000000000000000e+00 0.000000000000000000e+00 0.000000000000000000e+00 0.000000000000000000e+00 0.000000000000000000e+00 0.000000000000000000e+00 0.000000000000000000e+00 0.000000000000000000e+00 0.000000000000000000e+00 0.000000000000000000e+00 0.000000000000000000e+00 0.000000000000000000e+00 4.780939906752682544e-01 4.826489374333747806e-01 4.872387324933045161e-01 4.918635454396570461e-01 0.000000000000000000e+00 0.000000000000000000e+00 0.000000000000000000e+00 0.000000000000000000e+00 0.000000000000000000e+00 0.000000000000000000e+00 0.000000000000000000e+00 0.000000000000000000e+00 0.000000000000000000e+00
