upland/rainfall_series/rainfall_3.asc
ncols 76
nrows 55
xllcorner 0.0
yllcorner 0.0
cellsize 10.0
[rows 17 to 33 of 55, columns 37 to 73 of 76]
2.817986317906912230e+00 2.821070916608847678e+00 2.824136306000177399e+00 2.827182416151438726e+00 2.830209177520260244e+00 2.833216520954006334e+00 2.836204377692407519e+00 2.839172679370177033e+00 2.842121358019617627e+00 2.845050346073210168e+00 2.847959576366196011e+00 2.850848982139136290e+00 2.853718497040466762e+00 2.856568055129037109e+00 2.859397590876628481e+00 2.862207039170467038e+00 2.864996335315720621e+00 2.867765415037975441e+00 2.870514214485708315e+00 2.873242670232734053e+00 2.875950719280646162e+00 2.878638299061237582e+00 2.881305347438912534e+00 2.883951802713073498e+00 2.886577603620503307e+00 2.889182689337726817e+00 2.891766999483356582e+00 2.894330474120424768e+00 2.896873053758699967e+00 2.899394679356985804e+00 2.901895292325403997e+00 2.904374834527666760e+00 2.906833248283322568e+00 2.909270476369995251e+00 2.911686462025603106e+00 2.914081148950559363e+00 2.916454481309959323e+00
2.811028320771499001e+00 2.814105303173526806e+00 2.817163123695388460e+00 2.820201712580285403e+00 2.823221000457557750e+00 2.826220918345316413e+00 2.829201397653069883e+00 2.832162370184334588e+00 2.835103768139236369e+00 2.838025524117088416e+00 2.840927571118970985e+00 2.843809842550284905e+00 2.846672272223296218e+00 2.849514794359671921e+00 2.852337343592991736e+00 2.855139854971254998e+00 2.857922263959368880e+00 2.860684506441622865e+00 2.863426518724151215e+00 2.866148237537377685e+00 2.868849600038446468e+00 2.871530543813642034e+00 2.874191006880786325e+00 2.876830927691632400e+00 2.879450245134229203e+00 2.882048898535283232e+00 2.884626827662497117e+00 2.887183972726895309e+00 2.889720274385136900e+00 2.892235673741804458e+00 2.894730112351689311e+00 2.897203532222047961e+00 2.899655875814849182e+00 2.902087086049009557e+00 2.904497106302597942e+00 2.906885880415040369e+00 2.909253352689296079e+00
2.804065078662780319e+00 2.807134439023695638e+00 2.810184684970637115e+00 2.813215746919601301e+00 2.816227555671768634e+00 2.819220042416124894e+00 2.822193138732085771e+00 2.825146776592099229e+00 2.828080888364237655e+00 2.830995406814774462e+00 2.833890265110752704e+00 2.836765396822537255e+00 2.839620735926348782e+00 2.842456216806794167e+00 2.845271774259372499e+00 2.848067343492978853e+00 2.850842860132378753e+00 2.853598260220685745e+00 2.856333480221810994e+00 2.859048457022903111e+00 2.861743127936775100e+00 2.864417430704319312e+00 2.867071303496894430e+00 2.869704684918714221e+00 2.872317514009209205e+00 2.874909730245381212e+00 2.877481273544134854e+00 2.880032084264600556e+00 2.882562103210434490e+00 2.885071271632113188e+00 2.887559531229201504e+00 2.890026824152610363e+00 2.892473093006839413e+00 2.894898280852198358e+00 2.897302331207016746e+00 2.899685188049838214e+00 2.902046795821587200e+00
2.797096715809983092e+00 2.800158448524562971e+00 2.803201114326267618e+00 2.806224643804017926e+00 2.809228967930956777e+00 2.812214018067074495e+00 2.815179725961816537e+00 2.818126023756686305e+00 2.821052843987827519e+00 2.823960119588596829e+00 2.826847783892122656e+00 2.829715770633852934e+00 2.832564013954083748e+00 2.835392448400483101e+00 2.838201008930589797e+00 2.840989630914308783e+00 2.843758250136386501e+00 2.846506802798873359e+00 2.849235225523575554e+00 2.851943455354479795e+00 2.854631429760186911e+00 2.857299086636305052e+00 2.859946364307845101e+00 2.862573201531594780e+00 2.865179537498476758e+00 2.867765311835898334e+00 2.870330464610076682e+00 2.872874936328353446e+00 2.875398667941496011e+00 2.877901600845977015e+00 2.880383676886243638e+00 2.882844838356968253e+00 2.885285028005282193e+00 2.887704189032996638e+00 2.890102265098803525e+00 2.892479200320463573e+00 2.894834939276972996e+00
2.790123356256815068e+00 2.793177455855616831e+00 2.796212536076703170e+00 2.799228527682041889e+00 2.802225361816863547e+00 2.805202970012283359e+00 2.808161284187901785e+00 2.811100236654396678e+00 2.814019760116103885e+00 2.816919787673581865e+00 2.819800252826165643e+00 2.822661089474503449e+00 2.825502231923086693e+00 2.828323614882758186e+00 2.831125173473213685e+00 2.833906843225485250e+00 2.836668560084411261e+00 2.839410260411097120e+00 2.842131880985352410e+00 2.844833359008121398e+00 2.847514632103897103e+00 2.850175638323119376e+00 2.852816316144558773e+00 2.855436604477687101e+00 2.858036442665028432e+00 2.860615770484503440e+00 2.863174528151746667e+00 2.865712656322421559e+00 2.868230096094508408e+00 2.870726789010582536e+00 2.873202677060076482e+00 2.875657702681526651e+00 2.878091808764799531e+00 2.880504938653309477e+00 2.882897036146209402e+00 2.885268045500579248e+00 2.887617911433583817e+00
2.783145123857960090e+00 2.786191585007113058e+00 2.789219074346927840e+00 2.792227522812537277e+00 2.795216861721384838e+00 2.798187022775826538e+00 2.801137938065735966e+00 2.804069540071085775e+00 2.806981761664521624e+00 2.809874536113919241e+00 2.812747797084936607e+00 2.815601478643538602e+00 2.818435515258525204e+00 2.821249841804029934e+00 2.824044393562016531e+00 2.826819106224758293e+00 2.829573915897298786e+00 2.832308759099906315e+00 2.835023572770507538e+00 2.837718294267109975e+00 2.840392861370212074e+00 2.843047212285190639e+00 2.845681285644685143e+00 2.848295020510956732e+00 2.850888356378237898e+00 2.853461233175066170e+00 2.856013591266601814e+00 2.858545371456928663e+00 2.861056514991345612e+00 2.863546963558631475e+00 2.866016659293307622e+00 2.868465544777873077e+00 2.870893563045031183e+00 2.873300657579894501e+00 2.875686772322179952e+00 2.878051851668380845e+00 2.880395840473927382e+00
2.776162142275593325e+00 2.779200959776590096e+00 2.782220853068996913e+00 2.785221753261235555e+00 2.788203591843073426e+00 2.791166300688228574e+00 2.794109812056960962e+00 2.797034058598653949e+00 2.799938973354376248e+00 2.802824489759439430e+00 2.805690541645931457e+00 2.808537063245251542e+00 2.811363989190614809e+00 2.814171254519560517e+00 2.816958794676431399e+00 2.819726545514849025e+00 2.822474443300171831e+00 2.825202424711940719e+00 2.827910426846305558e+00 2.830598387218445922e+00 2.833266243764967829e+00 2.835913934846295614e+00 2.838541399249039365e+00 2.841148576188353481e+00 2.843735405310282793e+00 2.846301826694085602e+00 2.848847780854545597e+00 2.851373208744273136e+00 2.853878051755981637e+00 2.856362251724757328e+00 2.858825750930304554e+00 2.861268492099185767e+00 2.863690418407036642e+00 2.866091473480766538e+00 2.868471601400749194e+00 2.870830746702988989e+00 2.873168854381274784e+00
2.769174534975912927e+00 2.772205703765391771e+00 2.775217995978563668e+00 2.778211342897249025e+00 2.781185676183656419e+00 2.784140927882976957e+00 2.787077030425974211e+00 2.789993916631549720e+00 2.792891519709311599e+00 2.795769773262112068e+00 2.798628611288585866e+00 2.801467968185670454e+00 2.804287778751110682e+00 2.807087978185955013e+00 2.809868502097033982e+00 2.812629286499425785e+00 2.815370267818908534e+00 2.818091382894400532e+00 2.820792568980382775e+00 2.823473763749306809e+00 2.826134905293994581e+00 2.828775932130016102e+00 2.831396783198054212e+00 2.833997397866263146e+00 2.836577715932595112e+00 2.839137677627129541e+00 2.841677223614376135e+00 2.844196294995566809e+00 2.846694833310930761e+00 2.849172780541952665e+00 2.851630079113621541e+00 2.854066671896656970e+00 2.856482502209719776e+00 2.858877513821612482e+00 2.861251650953458014e+00 2.863604858280864640e+00 2.865937080936071357e+00
2.762182425225684135e+00 2.765205940375213611e+00 2.768210626611410596e+00 2.771196415389606038e+00 2.774163238544561150e+00 2.777111028293050676e+00 2.780039717236449714e+00 2.782949238363292110e+00 2.785839525051827970e+00 2.788710511072562070e+00 2.791562130590781621e+00 2.794394318169069358e+00 2.797207008769805547e+00 2.800000137757654439e+00 2.802773640902037844e+00 2.805527454379594499e+00 2.808261514776626999e+00 2.810975759091533188e+00 2.813670124737224665e+00 2.816344549543530196e+00 2.818998971759585359e+00 2.821633330056206646e+00 2.824247563528253124e+00 2.826841611696968126e+00 2.829415414512317817e+00 2.831968912355297352e+00 2.834502046040237477e+00 2.837014756817088479e+00 2.839506986373687258e+00 2.841978676838017304e+00 2.844429770780442457e+00 2.846860211215930914e+00 2.849269941606265011e+00 2.851658905862228810e+00 2.854027048345785467e+00 2.856374313872235948e+00 2.858700647712359988e+00
2.755185936088807797e+00 2.758201792804663377e+00 2.761198868300012599e+00 2.764177094203808416e+00 2.767136402523470373e+00 2.770076725647466986e+00 2.772997996347887906e+00 2.775900147783007199e+00 2.778783113499823987e+00 2.781646827436599079e+00 2.784491223925375625e+00 2.787316237694488663e+00 2.790121803871054684e+00 2.792907857983455866e+00 2.795674335963808765e+00 2.798421174150412138e+00 2.801148309290193872e+00 2.803855678541132157e+00 2.806543219474669559e+00 2.809210870078107547e+00 2.811858568756995691e+00 2.814486254337493332e+00 2.817093866068729469e+00 2.819681343625140446e+00 2.822248627108792540e+00 2.824795657051695663e+00 2.827322374418094419e+00 2.829828720606750725e+00 2.832314637453204664e+00 2.834780067232025136e+00 2.837224952659043620e+00 2.839649236893570183e+00 2.842052863540593943e+00 2.844435776652972425e+00 2.846797920733596055e+00 2.849139240737546430e+00 2.851459682074231505e+00
2.748185190422895108e+00 2.751193384045833579e+00 2.754182844170107280e+00 2.757153502598396422e+00 2.760105291510884573e+00 2.763038143467835717e+00 2.765951991412164634e+00 2.768846768671981984e+00 2.771722408963141149e+00 2.774578846391761555e+00 2.777416015456744880e+00 2.780233851052276162e+00 2.783032288470309368e+00 2.785811263403045412e+00 2.788570711945392411e+00 2.791310570597410834e+00 2.794030776266749783e+00 2.796731266271063721e+00 2.799411978340422991e+00 2.802072850619700350e+00 2.804713821670949514e+00 2.807334830475772147e+00 2.809935816437659550e+00 2.812516719384330788e+00 2.815077479570050834e+00 2.817618037677931397e+00 2.820138334822225090e+00 2.822638312550593831e+00 2.825117912846371038e+00 2.827577078130802501e+00 2.830015751265273938e+00 2.832433875553523883e+00 2.834831394743838384e+00 2.837208253031231919e+00 2.839564395059609669e+00 2.841899765923919130e+00 2.844214311172279075e+00
2.741180310875868997e+00 2.744180836880898866e+00 2.747162677137285236e+00 2.750125763621537267e+00 2.753070028686705140e+00 2.755995405064951775e+00 2.758901825870112123e+00 2.761789224600240011e+00 2.764657535140139899e+00 2.767506691763889748e+00 2.770336629137346574e+00 2.773147282320644003e+00 2.775938586770673400e+00 2.778710478343548562e+00 2.781462893297066419e+00 2.784195768293143747e+00 2.786909040400245008e+00 2.789602647095798194e+00 2.792276526268593351e+00 2.794930616221165121e+00 2.797564855672169504e+00 2.800179183758737977e+00 2.802773540038815181e+00 2.805347864493496157e+00 2.807902097529330288e+00 2.810436179980625226e+00 2.812950053111726412e+00 2.815443658619285916e+00 2.817916938634517088e+00 2.820369835725427876e+00 2.822802292899046162e+00 2.825214253603623771e+00 2.827605661730826725e+00 2.829976461617912165e+00 2.832326598049883515e+00 2.834656016261635880e+00 2.836964661940080568e+00
2.734171419882577947e+00 2.737164273878725851e+00 2.740138489903596763e+00 2.743094000107628272e+00 2.746030737016834422e+00 2.748948633535376995e+00 2.751847622948110139e+00 2.754727638923125443e+00 2.757588615514277475e+00 2.760430487163696878e+00 2.763253188704293706e+00 2.766056655362245653e+00 2.768840822759472520e+00 2.771605626916097798e+00 2.774351004252900044e+00 2.777076891593743380e+00 2.779783226168002219e+00 2.782469945612967788e+00 2.785136987976239986e+00 2.787784291718109486e+00 2.790411795713920728e+00 2.793019439256422487e+00 2.795607162058106887e+00 2.798174904253527995e+00 2.800722606401609749e+00 2.803250209487939237e+00 2.805757654927043099e+00 2.808244884564649713e+00 2.810711840679933182e+00 2.813158465987751544e+00 2.815584703640855668e+00 2.817990497232094604e+00 2.820375790796597393e+00 2.822740528813943328e+00 2.825084656210316236e+00 2.827408118360638767e+00 2.829710861090693363e+00
2.727158639661426243e+00 2.730143817391500694e+00 2.733110404954175898e+00 2.736058334673913794e+00 2.738987539249792658e+00 2.741897951758063279e+00 2.744789505654694928e+00 2.747662134777913767e+00 2.750515773350715953e+00 2.753350355983378517e+00 2.756165817675957808e+00 2.758962093820766626e+00 2.761739120204846465e+00 2.764496833012420662e+00 2.767235168827338665e+00 2.769954064635504309e+00 2.772653457827289447e+00 2.775333286199936467e+00 2.777993487959947494e+00 2.780634001725450943e+00 2.783254766528569402e+00 2.785855721817758202e+00 2.788436807460137334e+00 2.790997963743808263e+00 2.793539131380153417e+00 2.796060251506123695e+00 2.798561265686509536e+00 2.801042115916196451e+00 2.803502744622406340e+00 2.805943094666924598e+00 2.808363109348307685e+00 2.810762732404082254e+00 2.813141908012918968e+00 2.815500580796799657e+00 2.817838695823164930e+00 2.820156198607042253e+00 2.822453035113165587e+00
2.720142092211022877e+00 2.723119589551374453e+00 2.726078544553883543e+00 2.729018889717131913e+00 2.731940557913350887e+00 2.734843482390977076e+00 2.737727596777188133e+00 2.740592835080431389e+00 2.743439131692937405e+00 2.746266421393222412e+00 2.749074639348574767e+00 2.751863721117534745e+00 2.754633602652351243e+00 2.757384220301438038e+00 2.760115510811802952e+00 2.762827411331476135e+00 2.765519859411912584e+00 2.768192793010393782e+00 2.770846150492405346e+00 2.773479870634004030e+00 2.776093892624170500e+00 2.778688156067150583e+00 2.781262600984776956e+00 2.783817167818779303e+00 2.786351797433082478e+00 2.788866431116080236e+00 2.791361010582908975e+00 2.793835477977692161e+00 2.796289775875776762e+00 2.798723847285956357e+00 2.801137635652670710e+00 2.803531084858200906e+00 2.805904139224836502e+00 2.808256743517039578e+00 2.810588842943582577e+00 2.812900383159675499e+00 2.815191310269075320e+00
2.713121899306849105e+00 2.716091712267122649e+00 2.719043030743962586e+00 2.721975787410157555e+00 2.724889915311184740e+00 2.727785347867754062e+00 2.730662018878338593e+00 2.733519862521698762e+00 2.736358813359387021e+00 2.739178806338243621e+00 2.741979776792879075e+00 2.744761660448145069e+00 2.747524393421586719e+00 2.750267912225889955e+00 2.752992153771307127e+00 2.755697055368078185e+00 2.758382554728827429e+00 2.761048589970956701e+00 2.763695099619018158e+00 2.766322022607076825e+00 2.768929298281056717e+00 2.771516866401073198e+00 2.774084667143752014e+00 2.776632641104532340e+00 2.779160729299956500e+00 2.781668873169945488e+00 2.784157014580055822e+00 2.786625095823726639e+00 2.789073059624509465e+00 2.791500849138278451e+00 2.793908407955436601e+00 2.796295680103092707e+00 2.798662610047231603e+00 2.801009142694867116e+00 2.803335223396177245e+00 2.805640797946626908e+00 2.807925812589070258e+00
2.706098182497941096e+00 2.709060307220831909e+00 2.712003985338718781e+00 2.714929149698686039e+00 2.717835733519542440e+00 2.720723670394357807e+00 2.723592894292987676e+00 2.726443339564589952e+00 2.729274940940123795e+00 2.732087633534839632e+00 2.734881352850752290e+00 2.737656034779109682e+00 2.740411615602834416e+00 2.743148031998968062e+00 2.745865221041090543e+00 2.748563120201731991e+00 2.751241667354765941e+00 2.753900800777795421e+00 2.756540459154521283e+00 2.759160581577094096e+00 2.761761107548459826e+00 2.764341976984682425e+00 2.766903130217257534e+00 2.769444507995410643e+00 2.771966051488381044e+00 2.774467702287688908e+00 2.776949402409389034e+00 2.779411094296311724e+00 2.781852720820283675e+00 2.784274225284339543e+00 2.786675551424913078e+00 2.789056643414016268e+00 2.791417445861399838e+00 2.793757903816702193e+00 2.796077962771579273e+00 2.798377568661819748e+00 2.800656667869442895e+00
