upland/rainfall_series/rainfall_5.asc
ncols 76
nrows 55
xllcorner 0.0
yllcorner 0.0
cellsize 10.0
[rows 0 to 16 of 55, columns 37 to 73 of 76]
0.000000000000000000e+00 0.000000000000000000e+00 0.000000000000000000e+00 0.000000000000000000e+00 0.000000000000000000e+00 0.000000000000000000e+00 0.000000000000000000e+00 0.000000000000000000e+00 0.000000000000000000e+00 0.000000000000000000e+00 0.000000000000000000e+00 0.000000000000000000e+00 0.000000000000000000e+00 0.000000000000000000e+00 0.000000000000000000e+00 0.000000000000000000e+00 0.000000000000000000e+00 0.000000000000000000e+00 0.000000000000000000e+00 0.000000000000000000e+00 0.000000000000000000e+00 0.000000000000000000e+00 0.000000000000000000e+00 0.000000000000000000e+00 0.000000000000000000e+00 0.000000000000000000e+00 0.000000000000000000e+00 0.000000000000000000e+00 0.000000000000000000e+00 0.000000000000000000e+00 0.000000000000000000e+00 0.000000000000000000e+00 0.000000000000000000e+00 0.000000000000000000e+00 0.000000000000000000e+00 0.000000000000000000e+00 0.000000000000000000e+00
0.000000000000000000e+00 0.000000000000000000e+00 0.000000000000000000e+00 0.000000000000000000e+00 0.000000000000000000e+00 0.000000000000000000e+00 0.000000000000000000e+00 0.000000000000000000e+00 0.000000000000000000e+00 0.000000000000000000e+00 0.000000000000000000e+00 0.000000000000000000e+00 0.000000000000000000e+00 0.000000000000000000e+00 0.000000000000000000e+00 0.000000000000000000e+00 0.000000000000000000e+00 0.000000000000000000e+00 0.000000000000000000e+00 0.000000000000000000e+00 0.000000000000000000e+00 0.000000000000000000e+00 0.000000000000000000e+00 0.000000000000000000e+00 0.000000000000000000e+00 0.000000000000000000e+00 0.000000000000000000e+00 0.000000000000000000e+00 0.000000000000000000e+00 0.000000000000000000e+00 0.000000000000000000e+00 0.000000000000000000e+00 0.000000000000000000e+00 0.000000000000000000e+00 0.000000000000000000e+00 0.000000000000000000e+00 0.000000000000000000e+00
3.086195972982779282e-07 2.984769216208426036e-07 0.000000000000000000e+00 2.791351756871018679e-07 2.699175498489009466e-07 0.000000000000000000e+00 2.523443181319874152e-07 2.439716611479936729e-07 2.358640050065346394e-07 2.280134085022999769e-07 0.000000000000000000e+00 0.000000000000000000e+00 0.000000000000000000e+00 0.000000000000000000e+00 0.000000000000000000e+00 0.000000000000000000e+00 0.000000000000000000e+00 0.000000000000000000e+00 0.000000000000000000e+00 0.000000000000000000e+00 0.000000000000000000e+00 0.000000000000000000e+00 0.000000000000000000e+00 0.000000000000000000e+00 0.000000000000000000e+00 0.000000000000000000e+00 0.000000000000000000e+00 0.000000000000000000e+00 0.000000000000000000e+00 0.000000000000000000e+00 0.000000000000000000e+00 0.000000000000000000e+00 0.000000000000000000e+00 0.000000000000000000e+00 0.000000000000000000e+00 0.000000000000000000e+00 0.000000000000000000e+00
3.127985712235426881e-07 3.025185550221765246e-07 2.925605115278000678e-07 2.829149052669224109e-07 2.735724648726539190e-07 2.645241763563955149e-07 2.557612765328600941e-07 2.472752465954712969e-07 2.390578058392089069e-07 2.311009055280350970e-07 2.233967229040708449e-07 2.159376553357246621e-07 0.000000000000000000e+00 0.000000000000000000e+00 0.000000000000000000e+00 0.000000000000000000e+00 0.000000000000000000e+00 0.000000000000000000e+00 0.000000000000000000e+00 0.000000000000000000e+00 0.000000000000000000e+00 0.000000000000000000e+00 0.000000000000000000e+00 0.000000000000000000e+00 0.000000000000000000e+00 0.000000000000000000e+00 0.000000000000000000e+00 0.000000000000000000e+00 0.000000000000000000e+00 0.000000000000000000e+00 0.000000000000000000e+00 0.000000000000000000e+00 0.000000000000000000e+00 0.000000000000000000e+00 0.000000000000000000e+00 0.000000000000000000e+00 0.000000000000000000e+00
3.170169284079613382e-07 3.065982773655551762e-07 2.965059411084173512e-07 2.867302555690150279e-07 2.772618243481159118e-07 2.680915118957508304e-07 2.592104368475581041e-07 2.506099655135429180e-07 2.422817055162714126e-07 2.342174995755924206e-07 2.264094194370244097e-07 2.188497599409627901e-07 2.115310332299287651e-07 0.000000000000000000e+00 1.975874794314946222e-07 1.909487128828954080e-07 0.000000000000000000e+00 0.000000000000000000e+00 0.000000000000000000e+00 0.000000000000000000e+00 0.000000000000000000e+00 0.000000000000000000e+00 0.000000000000000000e+00 0.000000000000000000e+00 0.000000000000000000e+00 0.000000000000000000e+00 0.000000000000000000e+00 0.000000000000000000e+00 0.000000000000000000e+00 0.000000000000000000e+00 0.000000000000000000e+00 0.000000000000000000e+00 0.000000000000000000e+00 0.000000000000000000e+00 0.000000000000000000e+00 0.000000000000000000e+00 0.000000000000000000e+00
3.212747390693172087e-07 3.107161565610812926e-07 3.004882715270077408e-07 2.905812901028047259e-07 2.809856896875003357e-07 2.716922120328102414e-07 2.626918564899942012e-07 2.539758734111569525e-07 2.455357577019996525e-07 2.373632425230658575e-07 2.294502931365824587e-07 2.217891008960072214e-07 2.143720773754797762e-07 2.071918486363799010e-07 2.002412496282435722e-07 1.935133187213530135e-07 1.870012923683320076e-07 1.806985998921176227e-07 0.000000000000000000e+00 0.000000000000000000e+00 0.000000000000000000e+00 0.000000000000000000e+00 0.000000000000000000e+00 0.000000000000000000e+00 0.000000000000000000e+00 0.000000000000000000e+00 0.000000000000000000e+00 0.000000000000000000e+00 0.000000000000000000e+00 0.000000000000000000e+00 0.000000000000000000e+00 0.000000000000000000e+00 0.000000000000000000e+00 0.000000000000000000e+00 0.000000000000000000e+00 0.000000000000000000e+00 0.000000000000000000e+00
3.255720679045591404e-07 3.148722551794574169e-07 3.045075632946254477e-07 2.944680673843232980e-07 2.847441174745163798e-07 2.753263314798028680e-07 2.662055883599436691e-07 2.573730214329006272e-07 2.488200118413459292e-07 2.405381821696621070e-07 2.325193902084742150e-07 2.247557228638085159e-07 2.172394902080137767e-07 2.099632196696313056e-07 2.029196503594210877e-07 1.961017275298190625e-07 1.895025971651233491e-07 1.831156006997557172e-07 1.769342698619935453e-07 0.000000000000000000e+00 0.000000000000000000e+00 0.000000000000000000e+00 0.000000000000000000e+00 0.000000000000000000e+00 0.000000000000000000e+00 0.000000000000000000e+00 0.000000000000000000e+00 0.000000000000000000e+00 0.000000000000000000e+00 0.000000000000000000e+00 0.000000000000000000e+00 0.000000000000000000e+00 0.000000000000000000e+00 0.000000000000000000e+00 0.000000000000000000e+00 0.000000000000000000e+00 0.000000000000000000e+00
3.299089740015159818e-07 3.190666303666139802e-07 3.085638716761198747e-07 2.983906408563587860e-07 2.885371593871587284e-07 2.789939202054958751e-07 2.697516807708584236e-07 2.608014562892084880e-07 2.521345130924660683e-07 2.437423621704727684e-07 2.356167528524692694e-07 2.277496666351142678e-07 2.201333111541613131e-07 2.127601142969330085e-07 2.056227184527627714e-07 1.987139748986478000e-07 1.920269383173725148e-07 1.855548614454148643e-07 1.792911898479851558e-07 1.732295568185995873e-07 1.673637784006147188e-07 1.616878485282085708e-07 1.561959342843117737e-07 0.000000000000000000e+00 0.000000000000000000e+00 0.000000000000000000e+00 0.000000000000000000e+00 0.000000000000000000e+00 0.000000000000000000e+00 0.000000000000000000e+00 0.000000000000000000e+00 0.000000000000000000e+00 0.000000000000000000e+00 0.000000000000000000e+00 0.000000000000000000e+00 0.000000000000000000e+00 0.000000000000000000e+00
3.342855107509605405e-07 3.232993337586554410e-07 3.126572466078828403e-07 3.023490588089191397e-07 2.923648621207996701e-07 2.826950233608333441e-07 2.733301773779645570e-07 2.642612201868504823e-07 2.554793022595150839e-07 2.469758219715106195e-07 2.387424191995717811e-07 2.307709690677597132e-07 2.230535758391675319e-07 2.155825669502895122e-07 2.083504871851926127e-07 2.013500929866879041e-07 1.945743469017342459e-07 1.880164121583404414e-07 1.816696473712953587e-07 1.755276013740748333e-07 1.695840081743371890e-07 1.638327820304393320e-07 1.582680126464662279e-07 0.000000000000000000e+00 0.000000000000000000e+00 0.000000000000000000e+00 0.000000000000000000e+00 0.000000000000000000e+00 0.000000000000000000e+00 0.000000000000000000e+00 0.000000000000000000e+00 0.000000000000000000e+00 0.000000000000000000e+00 0.000000000000000000e+00 0.000000000000000000e+00 0.000000000000000000e+00 0.000000000000000000e+00
3.387017257590563394e-07 3.275704113971834068e-07 3.167877326159601339e-07 3.063433643000419952e-07 2.962272673116120247e-07 2.864296812048885999e-07 2.769411171066719072e-07 2.677523507597111561e-07 2.588544157257305165e-07 2.502385967450187196e-07 2.418964232494921353e-07 2.338196630262276940e-07 2.260003160284669710e-07 2.184306083311760252e-07 2.111029862282536839e-07 2.040101104685456058e-07 1.971448506278676402e-07 1.905002796142665974e-07 1.840696683038041358e-07 1.778464803041901354e-07 1.718243668436376105e-07 1.659971617823332909e-07 1.603588767439877235e-07 1.549036963649571727e-07 0.000000000000000000e+00 0.000000000000000000e+00 0.000000000000000000e+00 0.000000000000000000e+00 0.000000000000000000e+00 0.000000000000000000e+00 0.000000000000000000e+00 0.000000000000000000e+00 0.000000000000000000e+00 0.000000000000000000e+00 0.000000000000000000e+00 0.000000000000000000e+00 0.000000000000000000e+00
3.431576607602187328e-07 3.318799036450269681e-07 3.209553687345500052e-07 3.103735950769872584e-07 3.001244114603587308e-07 2.901979290311798613e-07 2.805845340813308574e-07 2.712748809999092523e-07 2.622598853868396032e-07 2.535307173250920141e-07 2.450787948084141088e-07 2.368957773214933313e-07 2.289735595695447531e-07 2.213042653543487320e-07 2.138802415938010996e-07 2.066940524820991395e-07 1.997384737877233100e-07 1.930064872864070595e-07 1.864912753263518589e-07 1.801862155229729733e-07 1.740848755805071581e-07 1.681810082378594957e-07 1.624685463361023737e-07 1.569415980050954865e-07 1.515944419667150092e-07 0.000000000000000000e+00 0.000000000000000000e+00 0.000000000000000000e+00 0.000000000000000000e+00 0.000000000000000000e+00 0.000000000000000000e+00 0.000000000000000000e+00 0.000000000000000000e+00 0.000000000000000000e+00 0.000000000000000000e+00 0.000000000000000000e+00 0.000000000000000000e+00
3.476533515304261654e-07 3.362278451023987710e-07 3.251601884249274998e-07 3.144397834978207537e-07 3.040563258565787909e-07 2.939997970943563108e-07 2.842604575543418728e-07 2.748288391892688276e-07 2.656957385848048891e-07 2.568522101436333324e-07 2.482895594270820557e-07 2.399993366511786062e-07 2.319733303340903760e-07 2.242035610919310362e-07 2.166822755799652582e-07 2.094019405762828679e-07 2.023552372050789326e-07 1.955350552966950194e-07 1.889344878816286937e-07 1.825468258157773261e-07 1.763655525342026846e-07 1.703843389307664231e-07 1.645970383610046020e-07 1.589976817656912215e-07 1.535804729125333377e-07 0.000000000000000000e+00 0.000000000000000000e+00 0.000000000000000000e+00 0.000000000000000000e+00 0.000000000000000000e+00 0.000000000000000000e+00 0.000000000000000000e+00 0.000000000000000000e+00 0.000000000000000000e+00 0.000000000000000000e+00 0.000000000000000000e+00 0.000000000000000000e+00
3.521888278010171536e-07 3.406142645235295580e-07 3.294022194948142816e-07 3.185419564534567527e-07 3.080230365031893750e-07 2.978353105373018035e-07 2.879689118356824120e-07 2.784142488311720109e-07 2.691619980419441230e-07 2.602030971666612219e-07 2.515287383392360116e-07 2.431303615400432924e-07 2.349996481604787764e-07 2.271285147178296706e-07 2.195091067174315572e-07 2.121337926591652470e-07 2.049951581853696741e-07 1.980860003673029115e-07 1.913993221273255515e-07 1.849283267940203229e-07 1.786664127875195444e-07 1.726071684323343834e-07 1.667443668950444737e-07 1.610719612442371250e-07 1.555840796301287412e-07 1.502750205813500325e-07 0.000000000000000000e+00 0.000000000000000000e+00 0.000000000000000000e+00 0.000000000000000000e+00 0.000000000000000000e+00 0.000000000000000000e+00 0.000000000000000000e+00 0.000000000000000000e+00 0.000000000000000000e+00 0.000000000000000000e+00 0.000000000000000000e+00
3.567641131730082436e-07 3.450391847337931945e-07 3.336814840182406336e-07 3.226801352901527126e-07 3.120245640415516212e-07 3.017044893186736338e-07 2.917099162228351738e-07 2.820311285828227846e-07 2.726586817954474107e-07 2.635833958310068345e-07 2.547963484004190688e-07 2.462888682808350312e-07 2.380525287965992053e-07 2.300791414524673852e-07 2.223607497160291949e-07 2.148896229463391090e-07 2.076582504658108132e-07 2.006593357724478528e-07 1.938857908895683999e-07 1.873307308501921138e-07 1.809874683133199835e-07 1.748495083093827240e-07 1.689105431121612502e-07 1.631644472345512297e-07 1.576052725455630106e-07 1.522272435060078330e-07 1.470247525203549530e-07 0.000000000000000000e+00 0.000000000000000000e+00 0.000000000000000000e+00 0.000000000000000000e+00 0.000000000000000000e+00 0.000000000000000000e+00 0.000000000000000000e+00 0.000000000000000000e+00 0.000000000000000000e+00 0.000000000000000000e+00
3.613792250319578303e-07 3.495026225473796185e-07 3.379979982559198078e-07 3.268543357325118105e-07 3.160609236770103521e-07 3.056073481409047877e-07 2.954834849311883524e-07 2.856794921879485225e-07 2.761858031323111081e-07 2.669931189814179191e-07 2.580924020271738046e-07 2.494748688755163357e-07 2.411319838430466872e-07 2.330554525078877479e-07 2.252372154116738210e-07 2.176694419096437699e-07 2.103445241658469755e-07 2.032550712905076265e-07 1.963939036166527147e-07 1.897540471131508480e-07 1.833287279313492297e-07 1.771113670825456219e-07 1.710955752435755794e-07 1.652751476878388552e-07 1.596440593391360298e-07 1.541964599457201841e-07 1.489266693720274429e-07 1.438291730055751734e-07 0.000000000000000000e+00 0.000000000000000000e+00 0.000000000000000000e+00 0.000000000000000000e+00 0.000000000000000000e+00 0.000000000000000000e+00 0.000000000000000000e+00 0.000000000000000000e+00 0.000000000000000000e+00
3.660341744634293574e-07 3.540045886855295327e-07 3.423517725761807297e-07 3.310645678070250379e-07 3.201321251049577858e-07 3.095438963787184914e-07 2.992896270249078497e-07 2.893593484099711551e-07 2.797433705247298545e-07 2.704322748080968648e-07 2.614169071366672549e-07 2.526883709769053175e-07 2.442380206967167196e-07 2.360574550332325868e-07 2.281385107136775077e-07 2.204732562262430500e-07 2.130539857379461895e-07 2.058732131564761931e-07 1.989236663331012861e-07 1.921982814037379352e-07 1.856901972653458196e-07 1.793927501848403670e-07 1.732994685377652296e-07 1.674040676740329921e-07 1.617004449080430840e-07 1.561826746305731465e-07 1.508450035398616728e-07 1.456818459893420667e-07 1.406877794495418666e-07 1.358575400816961659e-07 0.000000000000000000e+00 0.000000000000000000e+00 0.000000000000000000e+00 0.000000000000000000e+00 0.000000000000000000e+00 0.000000000000000000e+00 0.000000000000000000e+00
3.707289661690716868e-07 3.585450876953737197e-07 3.467428113764755718e-07 3.353108357661599498e-07 3.242381724374391905e-07 3.135141380081551622e-07 3.031283463483186595e-07 2.930707009656628906e-07 2.833313875659619369e-07 2.739008667847021243e-07 2.647698670867565044e-07 2.559293778307426038e-07 2.473706424948054899e-07 2.390851520606201846e-07 2.310646385524406803e-07 2.233010687280790323e-07 2.157866379187512587e-07 2.085137640147612707e-07 2.014750815940553329e-07 1.946634361907075035e-07 1.880718787004699619e-07 1.816936599205357593e-07 1.755222252207336864e-07 1.695512093434110568e-07 1.637744313292997247e-07 1.581858895667074782e-07 1.527797569614370128e-07 1.475503762248483718e-07 1.424922552775521049e-07 1.376000627662503840e-07 0.000000000000000000e+00 0.000000000000000000e+00 0.000000000000000000e+00 0.000000000000000000e+00 0.000000000000000000e+00 0.000000000000000000e+00 0.000000000000000000e+00
