upland/rainfall_series/rainfall_11.asc
ncols 76
nrows 55
xllcorner 0.0
yllcorner 0.0
cellsize 10.0
[rows 34 to 50 of 55, columns 37 to 73 of 76]
2.983319081261355361e-05 3.039554103985923200e-05 3.096638809135325148e-05 3.154581327085317189e-05 3.213389764201504548e-05 3.273072200167218031e-05 3.333636685270684337e-05 3.395091237651760369e-05 3.457443840508695046e-05 3.520702439265184242e-05 3.584874938698355150e-05 3.649969200027941617e-05 3.715993037967343687e-05 3.782954217736811213e-05 3.850860452039638553e-05 3.919719398001606176e-05 3.989538654074553463e-05 4.060325756904472358e-05 4.132088178164931608e-05 4.204833321356522119e-05 4.278568518572814690e-05 4.353301027233965828e-05 4.429038026788322669e-05 4.505786615383108472e-05 4.583553806504881247e-05 4.662346525590674193e-05 4.742171606610692092e-05 4.823035788623524541e-05 4.904945712304661373e-05 4.987907916449426331e-05 5.071928834451383387e-05 5.157014790757054584e-05 5.243171997298072252e-05 5.330406549902064602e-05 5.418724424683002449e-05 5.508131474412464676e-05 0.000000000000000000e+00
2.879806982991705395e-05 2.934090821468152450e-05 2.989194860973624240e-05 3.045126949784577927e-05 3.101894913000362926e-05 3.159506549963904274e-05 3.217969631642889192e-05 3.277291897972128370e-05 3.337481055157136696e-05 3.398544772939614093e-05 3.460490681824930512e-05 3.523326370272439708e-05 3.587059381848724840e-05 3.651697212344531417e-05 3.717247306855805028e-05 3.783717056829355620e-05 3.851113797073831365e-05 3.919444802736538140e-05 3.988717286246717839e-05 4.058938394225967245e-05 4.130115204366561121e-05 4.202254722278228404e-05 4.275363878304301048e-05 4.349449524307869768e-05 4.424518430428847924e-05 4.500577281812651005e-05 4.577632675311560297e-05 4.655691116159264088e-05 4.734759014620019041e-05 4.814842682612880342e-05 4.895948330312189178e-05 4.978082062725408519e-05 5.061249876249072248e-05 5.145457655204086335e-05 5.230711168351453386e-05 5.317016065389405842e-05 0.000000000000000000e+00
2.779697630219622176e-05 2.832094425582435903e-05 2.885282909718190128e-05 2.939270658077460863e-05 2.994065223739432409e-05 3.049674134922170381e-05 3.106104892454949698e-05 3.163364967212920430e-05 3.221461797514479133e-05 3.280402786481727832e-05 3.340195299364472650e-05 3.400846660828041931e-05 3.462364152205646878e-05 3.524755008715451423e-05 3.588026416643060783e-05 3.652185510489969455e-05 3.717239370088390817e-05 3.783195017683158154e-05 3.850059414981277825e-05 3.917839460169777663e-05 3.986541984902488905e-05 4.056173751256464367e-05 4.126741448658848721e-05 4.198251690784692155e-05 4.270711012426750281e-05 4.344125866337956050e-05 4.418502620047332096e-05 4.493847552650277299e-05 4.570166851574098283e-05 4.647466609319588193e-05 4.725752820179807400e-05 4.805031376936740392e-05 4.885308067537046529e-05 4.966588571747834377e-05 5.048878457793406940e-05 5.132183178974241555e-05 0.000000000000000000e+00
2.682886097391135461e-05 2.733458012947157396e-05 2.784794044275806121e-05 2.836901502989254485e-05 2.889787679107436367e-05 2.943459838655038938e-05 2.997925221221835675e-05 3.053191037486749430e-05 3.109264466705822735e-05 3.166152654164623579e-05 3.223862708595436966e-05 3.282401699559579051e-05 3.341776654795381026e-05 3.401994557532246968e-05 3.463062343771266757e-05 3.524986899532918719e-05 3.587775058072469140e-05 3.651433597063440670e-05 3.715969235749936347e-05 3.781388632068378270e-05 3.847698379739205747e-05 3.914905005329309467e-05 3.983014965285933541e-05 4.052034642942500088e-05 4.121970345497490048e-05 4.192828300966853198e-05 4.264614655110775428e-05 4.337335468335833273e-05 4.410996712573092039e-05 4.485604268133267620e-05 4.561163920539668278e-05 4.637681357340009387e-05 4.715162164897893283e-05 4.793611825165018783e-05 4.873035712435133410e-05 4.953439090080725803e-05 0.000000000000000000e+00
2.589270449608426419e-05 2.638077727210201966e-05 2.687622457807858800e-05 2.737911697884849293e-05 2.788952483085813843e-05 2.840751825897422624e-05 2.893316713293862856e-05 2.946654104347237903e-05 3.000770927803269870e-05 3.055674079622533045e-05 3.111370420487817194e-05 3.167866773277718987e-05 3.225169920507263844e-05 3.283286601735573457e-05 3.342223510941461599e-05 3.401987293867129991e-05 3.462584545330721819e-05 3.524021806508097459e-05 3.586305562184520886e-05 3.649442237976781918e-05 3.713438197526470553e-05 3.778299739664836397e-05 3.844033095550184582e-05 3.910644425778264194e-05 3.978139817466464423e-05 4.046525281312618688e-05 4.115806748629002225e-05 4.185990068352591736e-05 4.257081004032033675e-05 4.329085230792652689e-05 4.402008332279824809e-05 4.475855797582045567e-05 4.550633018134386923e-05 4.626345284603324898e-05 4.702997783753982795e-05 4.780595595300607235e-05 0.000000000000000000e+00
2.498751665681426157e-05 2.545852680650041976e-05 2.593665367859045406e-05 2.642196537102972439e-05 2.691452978066053028e-05 2.741441458084154206e-05 2.792168719872536957e-05 2.843641479219824599e-05 2.895866422648419523e-05 2.948850205041764002e-05 3.002599447238735454e-05 3.057120733595691819e-05 3.112420609516442166e-05 3.168505578950623318e-05 3.225382101861000184e-05 3.283056591660060480e-05 3.341535412616467601e-05 3.400824877231905299e-05 3.460931243588837947e-05 3.521860712669747491e-05 3.583619425648468449e-05 3.646213461154274200e-05 3.709648832509230919e-05 3.773931484939710223e-05 3.839067292762424427e-05 3.905062056546099099e-05 3.971921500249195585e-05 4.039651268334586788e-05 4.108256922862000703e-05 4.177743940558968964e-05 4.248117709871204013e-05 4.319383527993146210e-05 4.391546597879665478e-05 4.464612025239848533e-05 4.538584815513771605e-05 4.613469870833004699e-05 0.000000000000000000e+00
2.411233562889643573e-05 2.456684877519395996e-05 2.502822938261355890e-05 2.549654316398855663e-05 2.597185563809263460e-05 2.645423210804333412e-05 2.694373763937544302e-05 2.744043703778830168e-05 2.794439482656965436e-05 2.845567522369871213e-05 2.897434211863363172e-05 2.950045904878462310e-05 3.003408917567993659e-05 3.057529526082508495e-05 3.112413964126324936e-05 3.168068420483879011e-05 3.224499036517045194e-05 3.281711903633840452e-05 3.339713060729084372e-05 3.398508491597504981e-05 3.458104122319994965e-05 3.518505818623475707e-05 3.579719383215028454e-05 3.641750553091070551e-05 3.704604996821973123e-05 3.768288311813083825e-05 3.832806021542776016e-05 3.898163572778153880e-05 3.964366332769264601e-05 4.031419586422770322e-05 4.099328533455502737e-05 4.168098285529106480e-05 4.237733863366360864e-05 4.308240193850268891e-05 4.379622107106716542e-05 4.451884333571434852e-05 4.525031501042693199e-05
2.326622723424768134e-05 2.370479139101220684e-05 2.414998202782613171e-05 2.460186255164156910e-05 2.506049618216080237e-05 2.552594593099713333e-05 2.599827458051819133e-05 2.647754466237370563e-05 2.696381843571166452e-05 2.745715786508512113e-05 2.795762459805373182e-05 2.846527994248283959e-05 2.898018484354550629e-05 2.950239986042911338e-05 3.003198514275280930e-05 3.056900040669994725e-05 3.111350491086866760e-05 3.166555743184757077e-05 3.222521623952023106e-05 3.279253907210423008e-05 3.336758311093061520e-05 3.395040495496902454e-05 3.454106059510482100e-05 3.513960538817446281e-05 3.574609403076482289e-05 3.636058053278492060e-05 3.698311819081475521e-05 3.761375956124002280e-05 3.825255643317872748e-05 3.889955980120937001e-05 3.955481983790558597e-05 4.021838586618767578e-05 4.089030633149834490e-05 4.157062877381123968e-05 4.225939979948053240e-05 4.295666505294106944e-05 4.366246918826859627e-05
2.244828422484716193e-05 2.287143030447401056e-05 2.330096990489229528e-05 2.373696420393150476e-05 2.417947419875409915e-05 2.462856068574944499e-05 2.508428424011997557e-05 2.554670519516516721e-05 2.601588362126221345e-05 2.649187930455020030e-05 2.697475172531903302e-05 2.746456003610668199e-05 2.796136303950918277e-05 2.846521916570700546e-05 2.897618644971084270e-05 2.949432250833325384e-05 3.001968451688858761e-05 3.055232918562696023e-05 3.109231273590715763e-05 3.163969087611308653e-05 3.219451877731990705e-05 3.275685104871471881e-05 3.332674171277838715e-05 3.390424418023257864e-05 3.448941122476176355e-05 3.508229495751305862e-05 3.568294680138198730e-05 3.629141746509206536e-05 3.690775691707319929e-05 3.753201435914804533e-05 3.816423820003302423e-05 3.880447602866148607e-05 3.945277458733731276e-05 4.010917974472792301e-05 4.077373646870345613e-05 4.144648879903202129e-05 0.000000000000000000e+00
2.165762557990025933e-05 2.206586788770288998e-05 2.248027852792911920e-05 2.290091652364326932e-05 2.332784072360615213e-05 2.376110978287659475e-05 2.420078214311767632e-05 2.464691601260884764e-05 2.509956934596826737e-05 2.555879982358705892e-05 2.602466483077977064e-05 2.649722143665255038e-05 2.697652637269541101e-05 2.746263601109949476e-05 2.795560634280456439e-05 2.845549295528199642e-05 2.896235101005491299e-05 2.947623521996246905e-05 2.999719982617184914e-05 3.052529857494305250e-05 3.106058469415206035e-05 3.160311086957724724e-05 3.215292922095519290e-05 3.271009127781074609e-05 3.327464795506816103e-05 3.384664952845026551e-05 3.442614560966924533e-05 3.501318512141954152e-05 3.560781627217597743e-05 3.621008653080714449e-05 3.682004260100956268e-05 3.743773039557046241e-05 3.806319501046729915e-05 3.869648069881161730e-05 0.000000000000000000e+00 0.000000000000000000e+00 0.000000000000000000e+00
2.089339581893870945e-05 2.128723253457913818e-05 2.168701992151516946e-05 2.209281492007207442e-05 2.250467430242213669e-05 2.292265465387113661e-05 2.334681235385872798e-05 2.377720355667662405e-05 2.421388417190605317e-05 2.465690984457799740e-05 2.510633593505868762e-05 2.556221749866454602e-05 2.602460926500889710e-05 2.649356561708474651e-05 2.696914057008727346e-05 2.745138774998009907e-05 2.794036037180878994e-05 2.843611121776789538e-05 2.893869261502368686e-05 2.944815641329911161e-05 2.996455396222516494e-05 3.048793608846407535e-05 3.101835307261015701e-05 3.155585462587263935e-05 3.210048986654802253e-05 3.265230729628589576e-05 3.321135477615702429e-05 3.377767950252676783e-05 3.435132798274401526e-05 3.493234601064987071e-05 3.552077864191345005e-05 3.611667016920368500e-05 0.000000000000000000e+00 0.000000000000000000e+00 0.000000000000000000e+00 0.000000000000000000e+00 0.000000000000000000e+00
2.015476433057142338e-05 2.053467797683781451e-05 2.092033192394420469e-05 2.131178109923937233e-05 2.170908026786358218e-05 2.211228401469672765e-05 2.252144672603052658e-05 2.293662257096819619e-05 2.335786548255373461e-05 2.378522913863306582e-05 2.421876694245141503e-05 2.465853200298786334e-05 2.510457711503328866e-05 2.555695473901176411e-05 2.601571698055227478e-05 2.648091556981225722e-05 2.695260184055842679e-05 2.743082670900849767e-05 2.791564065243841715e-05 2.840709368755928141e-05 2.890523534866991639e-05 2.941011466558871501e-05 2.992178014137050431e-05 3.044027972981475783e-05 3.096566081276855829e-05 3.149797017723228644e-05 3.203725399227334500e-05 3.258355778575308822e-05 3.313692642087409906e-05 3.369740407255577625e-05 3.426503420364176153e-05 3.483985954094930384e-05 0.000000000000000000e+00 0.000000000000000000e+00 0.000000000000000000e+00 0.000000000000000000e+00 0.000000000000000000e+00
1.944092471660305776e-05 1.980738261582400172e-05 2.017937750643080330e-05 2.055696237036025957e-05 2.094019003308600054e-05 2.132911314620548394e-05 2.172378416976169599e-05 2.212425535430157393e-05 2.253057872267331201e-05 2.294280605156595606e-05 2.336098885279318732e-05 2.378517835432526295e-05 2.421542548107185111e-05 2.465178083541862323e-05 2.509429467752199473e-05 2.554301690536537516e-05 2.599799703458088502e-05 2.645928417804026294e-05 2.692692702521967942e-05 2.740097382134318695e-05 2.788147234630817097e-05 2.836846989339921203e-05 2.886201324779470267e-05 2.936214866487047456e-05 2.986892184830767632e-05 3.038237792800924222e-05 3.090256143783049478e-05 3.142951629313094883e-05 3.196328576815283976e-05 3.250391247323191214e-05 3.305143833184885096e-05 0.000000000000000000e+00 0.000000000000000000e+00 0.000000000000000000e+00 0.000000000000000000e+00 0.000000000000000000e+00 0.000000000000000000e+00
1.875109415124105413e-05 1.910454886962124015e-05 1.946334410797690139e-05 1.982753096826440388e-05 2.019716040152859363e-05 0.000000000000000000e+00 0.000000000000000000e+00 0.000000000000000000e+00 0.000000000000000000e+00 0.000000000000000000e+00 0.000000000000000000e+00 2.294119879725258821e-05 2.335617928298211110e-05 0.000000000000000000e+00 0.000000000000000000e+00 0.000000000000000000e+00 0.000000000000000000e+00 0.000000000000000000e+00 2.597146746946072993e-05 2.642869346234849657e-05 2.689214225465081412e-05 2.736185946152475717e-05 2.783789020805023070e-05 2.832027910830393634e-05 2.880907024424412174e-05 2.930430714441008044e-05 2.980603276244362567e-05 3.031428945543692923e-05 3.082911896211384728e-05 3.135056238084975072e-05 0.000000000000000000e+00 0.000000000000000000e+00 0.000000000000000000e+00 0.000000000000000000e+00 0.000000000000000000e+00 0.000000000000000000e+00 0.000000000000000000e+00
1.808451275511455361e-05 1.842540253527063317e-05 1.877144298561352030e-05 1.912268339147954208e-05 1.947917289265830735e-05 0.000000000000000000e+00 0.000000000000000000e+00 0.000000000000000000e+00 0.000000000000000000e+00 0.000000000000000000e+00 0.000000000000000000e+00 0.000000000000000000e+00 0.000000000000000000e+00 0.000000000000000000e+00 0.000000000000000000e+00 0.000000000000000000e+00 0.000000000000000000e+00 0.000000000000000000e+00 0.000000000000000000e+00 0.000000000000000000e+00 0.000000000000000000e+00 0.000000000000000000e+00 2.684828290458133725e-05 2.731352339397374139e-05 2.778493852640276325e-05 2.826257028301483676e-05 2.874646009049542178e-05 2.923664880018740238e-05 2.973317666704757990e-05 0.000000000000000000e+00 0.000000000000000000e+00 0.000000000000000000e+00 0.000000000000000000e+00 0.000000000000000000e+00 0.000000000000000000e+00 0.000000000000000000e+00 0.000000000000000000e+00
0.000000000000000000e+00 1.776919216580079798e-05 1.810290857973057335e-05 1.844163975568614928e-05 0.000000000000000000e+00 0.000000000000000000e+00 0.000000000000000000e+00 0.000000000000000000e+00 0.000000000000000000e+00 0.000000000000000000e+00 0.000000000000000000e+00 0.000000000000000000e+00 0.000000000000000000e+00 0.000000000000000000e+00 0.000000000000000000e+00 0.000000000000000000e+00 0.000000000000000000e+00 0.000000000000000000e+00 0.000000000000000000e+00 0.000000000000000000e+00 0.000000000000000000e+00 0.000000000000000000e+00 0.000000000000000000e+00 2.634076758885237521e-05 2.679539353593626710e-05 2.725601470562202277e-05 2.772267104920722242e-05 2.819540196313711250e-05 2.867424626871050602e-05 0.000000000000000000e+00 0.000000000000000000e+00 0.000000000000000000e+00 0.000000000000000000e+00 0.000000000000000000e+00 0.000000000000000000e+00 0.000000000000000000e+00 0.000000000000000000e+00
0.000000000000000000e+00 0.000000000000000000e+00 0.000000000000000000e+00 0.000000000000000000e+00 0.000000000000000000e+00 0.000000000000000000e+00 0.000000000000000000e+00 0.000000000000000000e+00 0.000000000000000000e+00 0.000000000000000000e+00 0.000000000000000000e+00 0.000000000000000000e+00 0.000000000000000000e+00 0.000000000000000000e+00 0.000000000000000000e+00 0.000000000000000000e+00 0.000000000000000000e+00 0.000000000000000000e+00 0.000000000000000000e+00 0.000000000000000000e+00 0.000000000000000000e+00 0.000000000000000000e+00 0.000000000000000000e+00 0.000000000000000000e+00 2.583933551182418916e-05 2.628352174597663535e-05 2.673352781938805644e-05 2.718939172284080336e-05 0.000000000000000000e+00 0.000000000000000000e+00 0.000000000000000000e+00 0.000000000000000000e+00 0.000000000000000000e+00 0.000000000000000000e+00 0.000000000000000000e+00 0.000000000000000000e+00 0.000000000000000000e+00
