upland/rainfall_series/rainfall_5.asc
ncols 76
nrows 55
xllcorner 0.0
yllcorner 0.0
cellsize 10.0
[rows 0 to 16 of 55, columns 37 to 73 of 76]
0.000000000000000000e+00 0.000000000000000000e+00 0.000000000000000000e+00 0.000000000000000000e+00 0.000000000000000000e+00 0.000000000000000000e+00 0.000000000000000000e+00 0.000000000000000000e+00 0.000000000000000000e+00 0.000000000000000000e+00 0.000000000000000000e+00 0.000000000000000000e+00 0.000000000000000000e+00 0.000000000000000000e+00 0.000000000000000000e+00 0.000000000000000000e+00 0.000000000000000000e+00 0.000000000000000000e+00 0.000000000000000000e+00 0.000000000000000000e+00 0.000000000000000000e+00 0.000000000000000000e+00 0.000000000000000000e+00 0.000000000000000000e+00 0.000000000000000000e+00 0.000000000000000000e+00 0.000000000000000000e+00 0.000000000000000000e+00 0.000000000000000000e+00 0.000000000000000000e+00 0.000000000000000000e+00 0.000000000000000000e+00 0.000000000000000000e+00 0.000000000000000000e+00 0.000000000000000000e+00 0.000000000000000000e+00 0.000000000000000000e+00
0.000000000000000000e+00 0.000000000000000000e+00 0.000000000000000000e+00 0.000000000000000000e+00 0.000000000000000000e+00 0.000000000000000000e+00 0.000000000000000000e+00 0.000000000000000000e+00 0.000000000000000000e+00 0.000000000000000000e+00 0.000000000000000000e+00 0.000000000000000000e+00 0.000000000000000000e+00 0.000000000000000000e+00 0.000000000000000000e+00 0.000000000000000000e+00 0.000000000000000000e+00 0.000000000000000000e+00 0.000000000000000000e+00 0.000000000000000000e+00 0.000000000000000000e+00 0.000000000000000000e+00 0.000000000000000000e+00 0.000000000000000000e+00 0.000000000000000000e+00 0.000000000000000000e+00 0.000000000000000000e+00 0.000000000000000000e+00 0.000000000000000000e+00 0.000000000000000000e+00 0.000000000000000000e+00 0.000000000000000000e+00 0.000000000000000000e+00 0.000000000000000000e+00 0.000000000000000000e+00 0.000000000000000000e+00 0.000000000000000000e+00
6.147781036464274873e-01 6.212614926439236074e-01 0.000000000000000000e+00 6.344025776389499161e-01 6.410610598377972646e-01 0.000000000000000000e+00 6.545558781590384845e-01 6.613930076392054991e-01 6.682904815100580986e-01 6.752486993376388691e-01 0.000000000000000000e+00 0.000000000000000000e+00 0.000000000000000000e+00 0.000000000000000000e+00 0.000000000000000000e+00 0.000000000000000000e+00 0.000000000000000000e+00 0.000000000000000000e+00 0.000000000000000000e+00 0.000000000000000000e+00 0.000000000000000000e+00 0.000000000000000000e+00 0.000000000000000000e+00 0.000000000000000000e+00 0.000000000000000000e+00 0.000000000000000000e+00 0.000000000000000000e+00 0.000000000000000000e+00 0.000000000000000000e+00 0.000000000000000000e+00 0.000000000000000000e+00 0.000000000000000000e+00 0.000000000000000000e+00 0.000000000000000000e+00 0.000000000000000000e+00 0.000000000000000000e+00 0.000000000000000000e+00
6.105815448647226029e-01 6.170206773689064228e-01 6.235173856537338244e-01 6.300720595340661978e-01 6.366850900296424642e-01 6.433568693516934500e-01 6.500877908893190060e-01 6.568782491956244307e-01 6.637286399736128661e-01 6.706393600618374418e-01 6.776108074198043951e-01 6.846433811131351632e-01 0.000000000000000000e+00 0.000000000000000000e+00 0.000000000000000000e+00 0.000000000000000000e+00 0.000000000000000000e+00 0.000000000000000000e+00 0.000000000000000000e+00 0.000000000000000000e+00 0.000000000000000000e+00 0.000000000000000000e+00 0.000000000000000000e+00 0.000000000000000000e+00 0.000000000000000000e+00 0.000000000000000000e+00 0.000000000000000000e+00 0.000000000000000000e+00 0.000000000000000000e+00 0.000000000000000000e+00 0.000000000000000000e+00 0.000000000000000000e+00 0.000000000000000000e+00 0.000000000000000000e+00 0.000000000000000000e+00 0.000000000000000000e+00 0.000000000000000000e+00
6.064035852377706037e-01 6.127986573934859349e-01 6.192509113623408945e-01 6.257607342918545257e-01 6.323285145261769991e-01 6.389546415927959133e-01 6.456395061890145559e-01 6.523835001681701495e-01 6.591870165256333847e-01 6.660504493845511576e-01 6.729741939813586038e-01 6.799586466510341154e-01 6.870042048121206557e-01 0.000000000000000000e+00 7.012802326089057070e-01 7.085115023612187368e-01 0.000000000000000000e+00 0.000000000000000000e+00 0.000000000000000000e+00 0.000000000000000000e+00 0.000000000000000000e+00 0.000000000000000000e+00 0.000000000000000000e+00 0.000000000000000000e+00 0.000000000000000000e+00 0.000000000000000000e+00 0.000000000000000000e+00 0.000000000000000000e+00 0.000000000000000000e+00 0.000000000000000000e+00 0.000000000000000000e+00 0.000000000000000000e+00 0.000000000000000000e+00 0.000000000000000000e+00 0.000000000000000000e+00 0.000000000000000000e+00 0.000000000000000000e+00
6.022442354672701281e-01 6.085954435322201705e-01 6.150034411976534887e-01 6.214686129556248328e-01 6.279913444866163097e-01 6.345720226463282820e-01 6.412110354522525535e-01 6.479087720699860942e-01 6.546656227993277177e-01 6.614819790601170757e-01 6.683582333778418372e-01 6.752947793690012857e-01 6.822920117262275541e-01 6.893503262031606127e-01 6.964701195990778970e-01 7.036517897432801316e-01 7.108957354792274641e-01 7.182023566484313504e-01 0.000000000000000000e+00 0.000000000000000000e+00 0.000000000000000000e+00 0.000000000000000000e+00 0.000000000000000000e+00 0.000000000000000000e+00 0.000000000000000000e+00 0.000000000000000000e+00 0.000000000000000000e+00 0.000000000000000000e+00 0.000000000000000000e+00 0.000000000000000000e+00 0.000000000000000000e+00 0.000000000000000000e+00 0.000000000000000000e+00 0.000000000000000000e+00 0.000000000000000000e+00 0.000000000000000000e+00 0.000000000000000000e+00
5.981035052597870605e-01 6.044110455940402415e-01 6.107749850718809936e-01 6.171957055417892635e-01 6.236735900325017790e-01 6.302090227398926547e-01 6.368023890136386145e-01 6.434540753436293059e-01 6.501644693461575697e-01 6.569339597498545791e-01 6.637629363813993821e-01 6.706517901509820856e-01 6.776009130375257872e-01 6.846106980736650360e-01 6.916815393304835968e-01 6.988138319020086309e-01 7.060079718894511913e-01 7.132643563852127944e-01 7.205833834566316431e-01 0.000000000000000000e+00 0.000000000000000000e+00 0.000000000000000000e+00 0.000000000000000000e+00 0.000000000000000000e+00 0.000000000000000000e+00 0.000000000000000000e+00 0.000000000000000000e+00 0.000000000000000000e+00 0.000000000000000000e+00 0.000000000000000000e+00 0.000000000000000000e+00 0.000000000000000000e+00 0.000000000000000000e+00 0.000000000000000000e+00 0.000000000000000000e+00 0.000000000000000000e+00 0.000000000000000000e+00
5.939814033329416931e-01 6.002454723884994570e-01 6.065655518873345198e-01 6.129420210462446228e-01 6.193752602541479080e-01 6.258656510590603350e-01 6.324135761548457246e-01 6.390194193677235512e-01 6.456835656425516934e-01 6.524064010288610493e-01 6.591883126666657766e-01 6.660296887720192904e-01 6.729309186223422223e-01 6.798923925415096825e-01 6.869145018846836148e-01 6.939976390229204428e-01 7.011421973275214770e-01 7.083485711541441798e-01 7.156171558266678501e-01 7.229483476208090620e-01 7.303425437474940773e-01 7.378001423359822342e-01 7.453215424167354275e-01 0.000000000000000000e+00 0.000000000000000000e+00 0.000000000000000000e+00 0.000000000000000000e+00 0.000000000000000000e+00 0.000000000000000000e+00 0.000000000000000000e+00 0.000000000000000000e+00 0.000000000000000000e+00 0.000000000000000000e+00 0.000000000000000000e+00 0.000000000000000000e+00 0.000000000000000000e+00 0.000000000000000000e+00
5.898779374216279736e-01 5.960987317320658452e-01 6.023751495427828173e-01 6.087075674507923528e-01 6.150963632171326800e-01 6.215419157539282535e-01 6.280446051112382744e-01 6.346048124636534116e-01 6.412229200966766962e-01 6.478993113928515069e-01 6.546343708176690646e-01 6.614284839052285703e-01 6.682820372436645284e-01 6.751954184603340403e-01 6.821690162067578500e-01 6.892032201433347938e-01 6.962984209237946809e-01 7.034550101794266874e-01 7.106733805030489570e-01 7.179539254327473863e-01 7.252970394353506212e-01 7.327031178896789010e-01 7.401725570695292244e-01 0.000000000000000000e+00 0.000000000000000000e+00 0.000000000000000000e+00 0.000000000000000000e+00 0.000000000000000000e+00 0.000000000000000000e+00 0.000000000000000000e+00 0.000000000000000000e+00 0.000000000000000000e+00 0.000000000000000000e+00 0.000000000000000000e+00 0.000000000000000000e+00 0.000000000000000000e+00 0.000000000000000000e+00
5.857931142842811578e-01 5.919708304544464283e-01 5.982037849398440521e-01 6.044923517296051374e-01 6.108369059688245617e-01 6.172378239457142479e-01 6.236954830785378379e-01 6.302102619023051133e-01 6.367825400552448167e-01 6.434126982650291149e-01 6.501011183347794598e-01 6.568481831288230932e-01 6.636542765582285064e-01 6.705197835660829941e-01 6.774450901125517177e-01 6.844305831596878553e-01 6.914766506560000581e-01 6.985836815207825401e-01 7.057520656282049165e-01 7.129821937911537955e-01 7.202744577448318974e-01 7.276292501301144799e-01 7.350469644766567390e-01 7.425279951857592931e-01 0.000000000000000000e+00 0.000000000000000000e+00 0.000000000000000000e+00 0.000000000000000000e+00 0.000000000000000000e+00 0.000000000000000000e+00 0.000000000000000000e+00 0.000000000000000000e+00 0.000000000000000000e+00 0.000000000000000000e+00 0.000000000000000000e+00 0.000000000000000000e+00 0.000000000000000000e+00
5.817269397091721084e-01 5.878617744049546845e-01 5.940514639894199922e-01 6.002963798557227060e-01 6.065968945449567995e-01 6.129533817333980839e-01 6.193662162195321397e-01 6.258357739108392215e-01 6.323624318103572284e-01 6.389465680030096406e-01 6.455885616417008643e-01 6.522887929331770973e-01 6.590476431236568233e-01 6.658654944842189449e-01 6.727427302959573252e-01 6.796797348348984080e-01 6.866768933566772537e-01 6.937345920809784294e-01 7.008532181757312074e-01 7.080331597410673972e-01 7.152748057930310432e-01 7.225785462470557530e-01 7.299447719011808999e-01 7.373738744190452277e-01 7.448662463126108912e-01 0.000000000000000000e+00 0.000000000000000000e+00 0.000000000000000000e+00 0.000000000000000000e+00 0.000000000000000000e+00 0.000000000000000000e+00 0.000000000000000000e+00 0.000000000000000000e+00 0.000000000000000000e+00 0.000000000000000000e+00 0.000000000000000000e+00 0.000000000000000000e+00
5.776794185207460020e-01 5.837715684589153131e-01 5.899181916181682750e-01 5.961196568075926017e-01 6.023763339762268076e-01 6.086885942003956718e-01 6.150568096708218802e-01 6.214813536795095184e-01 6.279626006063963040e-01 6.345009259057783346e-01 6.410967060925026884e-01 6.477503187279258778e-01 6.544621424056414893e-01 6.612325567369761181e-01 6.680619423362423870e-01 6.749506808057627039e-01 6.818991547206539883e-01 6.889077476133736999e-01 6.959768439580251709e-01 7.031068291544300131e-01 7.102980895119491711e-01 7.175510122330736040e-01 7.248659853967636124e-01 7.322433979415500227e-01 7.396836396483893461e-01 0.000000000000000000e+00 0.000000000000000000e+00 0.000000000000000000e+00 0.000000000000000000e+00 0.000000000000000000e+00 0.000000000000000000e+00 0.000000000000000000e+00 0.000000000000000000e+00 0.000000000000000000e+00 0.000000000000000000e+00 0.000000000000000000e+00 0.000000000000000000e+00
5.736505545859935662e-01 5.797002165240988658e-01 5.858039717750055386e-01 5.919621865756443668e-01 5.981752282949481803e-01 6.044434654212731406e-01 6.107672675496017556e-01 6.171470053685169654e-01 6.235830506469483003e-01 6.300757762206911083e-01 6.366255559786928586e-01 6.432327648491148464e-01 6.498977787851573096e-01 6.566209747506503991e-01 6.634027307054183309e-01 6.702434255904078375e-01 6.771434393125697060e-01 6.841031527295221570e-01 6.911229476339604272e-01 6.982032067378444173e-01 7.053443136563269933e-01 7.125466528914629061e-01 7.198106098156636934e-01 7.271365706549181018e-01 7.345249224717647074e-01 7.419760531480237287e-01 0.000000000000000000e+00 0.000000000000000000e+00 0.000000000000000000e+00 0.000000000000000000e+00 0.000000000000000000e+00 0.000000000000000000e+00 0.000000000000000000e+00 0.000000000000000000e+00 0.000000000000000000e+00 0.000000000000000000e+00 0.000000000000000000e+00
5.696403508208568445e-01 5.756477215471990094e-01 5.817088074376510765e-01 5.878239721689008102e-01 5.939935805417252412e-01 6.002179984684972158e-01 6.064975929604831117e-01 6.128327321149020790e-01 6.192237851017692307e-01 6.256711221505050213e-01 6.321751145363233571e-01 6.387361345663835621e-01 6.453545555657193011e-01 6.520307518629316901e-01 6.587650987756513699e-01 6.655579725957702086e-01 6.724097505744348613e-01 6.793208109068111789e-01 6.862915327166088097e-01 6.933222960403704338e-01 7.004134818115218541e-01 7.075654718441906077e-01 7.147786488167739982e-01 7.220533962552819762e-01 7.293900985164233353e-01 7.367891407704656448e-01 7.442509089838407199e-01 0.000000000000000000e+00 0.000000000000000000e+00 0.000000000000000000e+00 0.000000000000000000e+00 0.000000000000000000e+00 0.000000000000000000e+00 0.000000000000000000e+00 0.000000000000000000e+00 0.000000000000000000e+00 0.000000000000000000e+00
5.656488091966695997e-01 5.716140855203397653e-01 5.776327006192036873e-01 5.837050156216235797e-01 5.898313927721691163e-01 5.960121954192207916e-01 6.022477880023501262e-01 6.085385360394730547e-01 6.148848061137837107e-01 6.212869658604583956e-01 6.277453839531391688e-01 6.342604300901817371e-01 6.408324749806852960e-01 6.474618903302817863e-01 6.541490488267044379e-01 6.608943241251213907e-01 6.676980908332317277e-01 6.745607244961423499e-01 6.814826015809938298e-01 6.884640994613636655e-01 6.955055964014319470e-01 7.026074715399042159e-01 7.097701048737040663e-01 7.169938772414243822e-01 7.242791703065397657e-01 7.316263665403802685e-01 7.390358492048638706e-01 7.465080023349871530e-01 0.000000000000000000e+00 0.000000000000000000e+00 0.000000000000000000e+00 0.000000000000000000e+00 0.000000000000000000e+00 0.000000000000000000e+00 0.000000000000000000e+00 0.000000000000000000e+00 0.000000000000000000e+00
5.616759307466312467e-01 5.675993094876148337e-01 5.735756523747524982e-01 5.796053179999912652e-01 5.856886660636507758e-01 5.918260573621042520e-01 5.980178537752535162e-01 6.042644182537703079e-01 6.105661148061245491e-01 6.169233084853781302e-01 6.233363653757635348e-01 6.298056525790330928e-01 6.363315382005807486e-01 6.429143913353358997e-01 6.495545820534293080e-01 6.562524813856337458e-01 6.630084613085623912e-01 6.698228947296503977e-01 6.766961554718918803e-01 6.836286182583550808e-01 6.906206586964475092e-01 6.976726532619681453e-01 7.047849792828999593e-01 7.119580149229879362e-01 7.191921391650640816e-01 7.264877317941393908e-01 7.338451733802623389e-01 7.412648452611309002e-01 7.487471295244659819e-01 7.562924089901463809e-01 0.000000000000000000e+00 0.000000000000000000e+00 0.000000000000000000e+00 0.000000000000000000e+00 0.000000000000000000e+00 0.000000000000000000e+00 0.000000000000000000e+00
5.577217155723119824e-01 5.636033935516659987e-01 5.695376628080177639e-01 5.755248794088178022e-01 5.815654005220822764e-01 5.876595844041682115e-01 5.938077903873328900e-01 6.000103788670653193e-01 6.062677112892023157e-01 6.125801501368229873e-01 6.189480589169167324e-01 6.253718021468275268e-01 6.318517453404768336e-01 6.383882549943544760e-01 6.449816985732877983e-01 6.516324444959797901e-01 6.583408621203185040e-01 6.651073217284602102e-01 6.719321945116746297e-01 6.788158525549652378e-01 6.857586688214565296e-01 6.927610171365432556e-01 6.998232721718108396e-01 7.069458094287186523e-01 7.141290052220479190e-01 7.213732366631137038e-01 7.286788816427397508e-01 7.360463188139941826e-01 7.434759275746888330e-01 7.509680880496417688e-01 0.000000000000000000e+00 0.000000000000000000e+00 0.000000000000000000e+00 0.000000000000000000e+00 0.000000000000000000e+00 0.000000000000000000e+00 0.000000000000000000e+00
