upland/rainfall_series/rainfall_10.asc
ncols 76
nrows 55
xllcorner 0.0
yllcorner 0.0
cellsize 10.0
[rows 17 to 33 of 55, columns 37 to 73 of 76]
5.376772049427317235e+00 5.419308428561135038e+00 5.462068319403365457e+00 5.505051709346694189e+00 5.548258571758935886e+00 5.591688865874863801e+00 5.635342536688703774e+00 5.679219514847185124e+00 5.723319716543342928e+00 5.767643043410918935e+00 5.812189382419473027e+00 5.856958605770217652e+00 5.901950570792587669e+00 5.947165119841499425e+00 5.992602080195459813e+00 6.038261263955388536e+00 6.084142467944270827e+00 6.130245473607639717e+00 6.176570046914872769e+00 6.223115938261384983e+00 6.269882882371625499e+00 6.316870598203080611e+00 6.364078788851082358e+00 6.411507141454612757e+00 6.459155327103040634e+00 6.507023000743836327e+00 6.555109801091263400e+00 6.603415350536089967e+00 6.651939255056316114e+00 6.700681104128960008e+00 6.749640470642888523e+00 6.798816910812758962e+00 6.848209964094022162e+00 6.897819153099089995e+00 6.947643983514605992e+00 6.997683944019887470e+00 7.047938506206555154e+00
5.412053671135880428e+00 5.454869168004956137e+00 5.497909643234834220e+00 5.541175084135465667e+00 5.584665463899905369e+00 5.628380741495440098e+00 5.672320861555350646e+00 5.716485754271279696e+00 5.760875335286331556e+00 5.805489505588782961e+00 5.850328151406507082e+00 5.895391144102116066e+00 5.940678340068861196e+00 5.986189580627215179e+00 6.031924691922308845e+00 6.077883484822095284e+00 6.124065754816340856e+00 6.170471281916454664e+00 6.217099830556138684e+00 6.263951149492936743e+00 6.311024971710599729e+00 6.358321014322449116e+00 6.405838978475573597e+00 6.453578549255996499e+00 6.501539395594834403e+00 6.549721170175366147e+00 6.598123509341150772e+00 6.646746033005127785e+00 6.695588344559792127e+00 6.744650030788362116e+00 6.793930661777063840e+00 6.843429790828495562e+00 6.893146954376083713e+00 6.943081671899688168e+00 6.993233445842328422e+00 7.043601761528128335e+00 7.094186087081344461e+00
5.447454108816166318e+00 5.490549663389908019e+00 5.533871667915999382e+00 5.577420109621386679e+00 5.621194961523779732e+00 5.665196182322067564e+00 5.709423716287373551e+00 5.753877493154725187e+00 5.798557428015447712e+00 5.843463421210171482e+00 5.888595358222586285e+00 5.933953109573883999e+00 5.979536530717973086e+00 6.025345461937404501e+00 6.071379728240111184e+00 6.117639139256931813e+00 6.164123489139926804e+00 6.210832556461543419e+00 6.257766104114643291e+00 6.304923879213377269e+00 6.352305612994940454e+00 6.399911020722280242e+00 6.447739801587673014e+00 6.495791638617291142e+00 6.544066198576699911e+00 6.592563131877379412e+00 6.641282072484191445e+00 6.690222637823921126e+00 6.739384428694835449e+00 6.788767029177284584e+00 6.838370006545414270e+00 6.888192911179956468e+00 6.938235276482138225e+00 6.988496618788716752e+00 7.038976437288176236e+00 7.089674213938116587e+00 7.140589413383787942e+00
5.482972670157422179e+00 5.526349216928267083e+00 5.569953690153397474e+00 5.613786076976472472e+00 5.657846350239273292e+00 5.702134468371396814e+00 5.746650375280603740e+00 5.791394000243779594e+00 5.836365257798620476e+00 5.881564047635960080e+00 5.926990254492822352e+00 5.972643748046165157e+00 6.018524382807422413e+00 6.064631998017758541e+00 6.110966417544118734e+00 6.157527449776098116e+00 6.204314887523578292e+00 6.251328507915253851e+00 6.298568072298001752e+00 6.346033326137098030e+00 6.393723998917349327e+00 6.441639804045156126e+00 6.489780438751465041e+00 6.538145583995709664e+00 6.586734904370698196e+00 6.635548048008517164e+00 6.684584646487405024e+00 6.733844314739683590e+00 6.783326650960736615e+00 6.833031236519039986e+00 6.882957635867268387e+00 6.933105396454534386e+00 6.983474048639755516e+00 7.034063105606086275e+00 7.084872063276625553e+00 7.135900400231224516e+00 7.187147577624500627e+00
5.518608650972712582e+00 5.562267118862188831e+00 5.606154994588987250e+00 5.650272265213217793e+00 5.694618903400151311e+00 5.739194867309202586e+00 5.784000100483557283e+00 5.829034531740459713e+00 5.874298075062141855e+00 5.919790629487494904e+00 5.965512079004391843e+00 6.011462292442784516e+00 6.057641123368513902e+00 6.104048409977909984e+00 6.150683974993161662e+00 6.197547625558511797e+00 6.244639153137230281e+00 6.291958333409491289e+00 6.339504926171066757e+00 6.387278675232908931e+00 6.435279308321647740e+00 6.483506536980994106e+00 6.531960056474087395e+00 6.580639545686779890e+00 6.629544667031954219e+00 6.678675066354756495e+00 6.728030372838907702e+00 6.777610198914030271e+00 6.827414140164031586e+00 6.877441775236515120e+00 6.927692665753379941e+00 6.978166356222437194e+00 7.028862373950207854e+00 7.079780228955844912e+00 7.130919413886252833e+00 7.182279403932365192e+00 7.233859656746638223e+00
5.554361335179955894e+00 5.598302647444553415e+00 5.642474853780861999e+00 5.686877941165162653e+00 5.731511882085635001e+00 5.776376634430627099e+00 5.821472141377562082e+00 5.866798331282518042e+00 5.912355117570470497e+00 5.958142398626216973e+00 6.004160057686036112e+00 6.050407962730088407e+00 6.096885966375534593e+00 6.143593905770441843e+00 6.190531602488494656e+00 6.237698862424508661e+00 6.285095475690734013e+00 6.332721216514070051e+00 6.380575843134112191e+00 6.428659097702078107e+00 6.476970706180649628e+00 6.525510378244756104e+00 6.574277807183277034e+00 6.623272669801707480e+00 6.672494626325845779e+00 6.721943320306422720e+00 6.771618378524804527e+00 6.821519410899710145e+00 6.871646010395001447e+00 6.921997752928535697e+00 6.972574197282136232e+00 7.023374885012689361e+00 7.074399340364327493e+00 7.125647070181833520e+00 7.177117563825195390e+00 7.228810293085324190e+00 7.280724712101048546e+00
5.590229994784040812e+00 5.634455068920987131e+00 5.678912528185117381e+00 5.723602359468608292e+00 5.768524535081971827e+00 5.813679012641616239e+00 5.859065734958013749e+00 5.904684629924589423e+00 5.950535610407230891e+00 5.996618574134533475e+00 6.042933403588748753e+00 6.089479965897486302e+00 6.136258112726139302e+00 6.183267680171121938e+00 6.230508488653895505e+00 6.277980342815781434e+00 6.325683031413628754e+00 6.373616327216361732e+00 6.421779986902340198e+00 6.470173750957656011e+00 6.518797343575333691e+00 6.567650472555456531e+00 6.616732829206235955e+00 6.666044088246068533e+00 6.715583907706569100e+00 6.765351928836609297e+00 6.815347776007405933e+00 6.865571056618629875e+00 6.916021361005614487e+00 6.966698262347589043e+00 7.017601316577112947e+00 7.068730062290553562e+00 7.120084020659739110e+00 7.171662695344781291e+00 7.223465572408076518e+00 7.275492120229506199e+00 7.327741789422853813e+00
5.626213889860104622e+00 5.670723637512979032e+00 5.715467266138836600e+00 5.760444762545471775e+00 5.805656098865174641e+00 5.851101232441513922e+00 5.896780105716856291e+00 5.942692646120467437e+00 5.988838765957368970e+00 6.035218362297837480e+00 6.081831316867676307e+00 6.128677495939198749e+00 6.175756750222987534e+00 6.223068914760413683e+00 6.270613808817006252e+00 6.318391235776579684e+00 6.366400983036228034e+00 6.414642821902202918e+00 6.463116507486618367e+00 6.511821778605103361e+00 6.560758357675323005e+00 6.609925950616500678e+00 6.659324246749817711e+00 6.708952918699853996e+00 6.758811622297001165e+00 6.808899996480881178e+00 6.859217663204808524e+00 6.909764227341325338e+00 6.960539276588770363e+00 7.011542381378969679e+00 7.062773094786050976e+00 7.114230952436362720e+00 7.165915472419547072e+00 7.217826155200814497e+00 7.269962483534379238e+00 7.322323922378133787e+00 7.374909918809499310e+00
5.662312268537903925e+00 5.707107595402142408e+00 5.752138303844227529e+00 5.797404380587313888e+00 5.842905797584878158e+00 5.888642511906819088e+00 5.934614465626197877e+00 5.980821585706656229e+00 6.027263783890557391e+00 6.073940956587771112e+00 6.120852984765242866e+00 6.167999733837275400e+00 6.215381053556586544e+00 6.262996777906165491e+00 6.310846724991927559e+00 6.358930696936174520e+00 6.407248479771920024e+00 6.455799843338089872e+00 6.504584541175577606e+00 6.553602310424216704e+00 6.602852871720680916e+00 6.652335929097341172e+00 6.702051169882029313e+00 6.751998264598849886e+00 6.802176866869966254e+00 6.852586613318400133e+00 6.903227123471879167e+00 6.954097999667760988e+00 7.005198826959019520e+00 7.056529173021328205e+00 7.108088588061285407e+00 7.159876604725764260e+00 7.211892738012438464e+00 7.264136485181434288e+00 7.316607325668269546e+00 7.369304720997950753e+00 7.422228114700282653e+00
5.698524366987358647e+00 5.743606172715630898e+00 5.788924865353926918e+00 5.834480431540494116e+00 5.880272843049445974e+00 5.926302056676131080e+00 5.972568014123142532e+00 6.019070641887046769e+00 6.065809851145767873e+00 6.112785537646693079e+00 6.159997581595501259e+00 6.207445847545797868e+00 6.255130184289422246e+00 6.303050424747639546e+00 6.351206385863092940e+00 6.399597868492607589e+00 6.448224657300809071e+00 6.497086520654684172e+00 6.546183210518950801e+00 6.595514462352376484e+00 6.645079995005030327e+00 6.694879510616472906e+00 6.744912694514918705e+00 6.795179215117379989e+00 6.845678723830832979e+00 6.896410854954401870e+00 6.947375225582585578e+00 6.998571435509569838e+00 7.049999067134637976e+00 7.101657685368614636e+00 7.153546837541543191e+00 7.205666053311447605e+00 7.258014844574256053e+00 7.310592705374951095e+00 7.363399111819890486e+00 7.416433521990358102e+00 7.469695375857400066e+00
5.734849409405209819e+00 5.780218587512695905e+00 5.825826162557451227e+00 5.871672121092551322e+00 5.917756434712182489e+00 5.964079059936286953e+00 6.010639938095842183e+00 6.057438995218874744e+00 6.104476141917108301e+00 6.151751273273374565e+00 6.199264268729740124e+00 6.247014991976399756e+00 6.295003290841326482e+00 6.343228997180742290e+00 6.391691926770408649e+00 6.440391879197711056e+00 6.489328637754632645e+00 6.538501969331622199e+00 6.587911624312301484e+00 6.637557336469130931e+00 6.687438822859999910e+00 6.737555783725770908e+00 6.787907902388792714e+00 6.838494845152411017e+00 6.889316261201514635e+00 6.940371782504068499e+00 6.991661023713764855e+00 7.043183582073692328e+00 7.094939037321143616e+00 7.146926951593485455e+00 7.199146869335239174e+00 7.251598317206246591e+00 7.304280803991035853e+00 7.357193820509391635e+00 7.410336839528130604e+00 7.463709315674102562e+00 7.517310685348459920e+00
5.771286608002860419e+00 5.816944045772441285e+00 5.862841395168853609e+00 5.908978642659738156e+00 5.955355759658798043e+00 6.001972702409721805e+00 6.048829411870726425e+00 6.095925813599837539e+00 6.143261817640845557e+00 6.190837318409974976e+00 6.238652194583308663e+00 6.286706308984975955e+00 6.334999508476105490e+00 6.383531623844592495e+00 6.432302469695704517e+00 6.481311844343469630e+00 6.530559529702991028e+00 6.580045291183622247e+00 6.629768877583009257e+00 6.679730020982098004e+00 6.729928436641064771e+00 6.780363822896210202e+00 6.831035861057816128e+00 6.881944215309051316e+00 6.933088532605840903e+00 6.984468442577810521e+00 7.036083557430293567e+00 7.087933471847406075e+00 7.140017762896244236e+00 7.192335989932144180e+00 7.244887694505194986e+00 7.297672400267798842e+00 7.350689612883479995e+00 7.403938819936868754e+00 7.457419490844928944e+00 7.511131076769405723e+00 7.565073010530541708e+00
5.807835162995372613e+00 5.853781741382721115e+00 5.899969750715531092e+00 5.946399177375749190e+00 5.993069992596053552e+00 6.039982152343019273e+00 6.087135597200962422e+00 6.134530252256492844e+00 6.182166026983716201e+00 6.230042815130208744e+00 6.278160494603741704e+00 6.326518927359724209e+00 6.375117959289481995e+00 6.423957420109328353e+00 6.473037123250446889e+00 6.522356865749634025e+00 6.571916428140896826e+00 6.621715574347961208e+00 6.671754051577659439e+00 6.722031590214243124e+00 6.772547903714691842e+00 6.823302688504916169e+00 6.874295623876994554e+00 6.925526371887420041e+00 6.976994577256357744e+00 7.028699867267936163e+00 7.080641851671660270e+00 7.132820122584845102e+00 7.185234254396222653e+00 7.237883803670617233e+00 7.290768309054821650e+00 7.343887291184617361e+00 7.397240252592970577e+00 7.450826677619489580e+00 7.504646032321040217e+00 7.558697764383669693e+00 7.612981303035775582e+00
5.844494262591632072e+00 5.890730856130224069e+00 5.937210404528240559e+00 5.983932894081667619e+00 6.030898295841598866e+00 6.078106565496672609e+00 6.125557643256180462e+00 6.173251453733868743e+00 6.221187905832446852e+00 6.269366892628828403e+00 6.317788291260128197e+00 6.366451962810421250e+00 6.415357752198302954e+00 6.464505488065247718e+00 6.513894982664823807e+00 6.563526031752713763e+00 6.613398414477653198e+00 6.663511893273263986e+00 6.713866213750730338e+00 6.764461104592503382e+00 6.815296277446887707e+00 6.866371426823638657e+00 6.917686229990521518e+00 6.969240346870931191e+00 7.021033419942500409e+00 7.073065074136771990e+00 7.125334916739983981e+00 7.177842537294907288e+00 7.230587507503790867e+00 7.283569381132503295e+00 7.336787693915779229e+00 7.390241963463640928e+00 7.443931689169041910e+00 7.497856352116736289e+00 7.552015414993335618e+00 7.606408321998677557e+00 7.661034498758451328e+00
5.881263082985714874e+00 5.927790559691795025e+00 5.974562519732329768e+00 6.021578949317105689e+00 6.068839819315084760e+00 6.116345085136137172e+00 6.164094686613394991e+00 6.212088547886340351e+00 6.260326577284571314e+00 6.308808667212324472e+00 6.357534694033763145e+00 6.406504517959021427e+00 6.455717982931040488e+00 6.505174916513250416e+00 6.554875129778068299e+00 6.604818417196237412e+00 6.655004556527079451e+00 6.705433308709633167e+00 6.756104417754687397e+00 6.807017610637768890e+00 6.858172597193124886e+00 6.909569070008592995e+00 6.961206704321580396e+00 7.013085157915995183e+00 7.065204071020228405e+00 7.117563066206193056e+00 7.170161748289498149e+00 7.222999704230639750e+00 7.276076503037377741e+00 7.329391695668226347e+00 7.382944814937142830e+00 7.436735375419342375e+00 7.490762873358365326e+00 7.545026786574370092e+00 7.599526574373636656e+00 7.654261677459344604e+00 7.709231517843690540e+00
5.918140788349424142e+00 5.964960009626879334e+00 6.012025247240162962e+00 6.059336487312585007e+00 6.106893700530453550e+00 6.154696842024033110e+00 6.202745851249196640e+00 6.251040651869747222e+00 6.299581151640476051e+00 6.348367242290956725e+00 6.397398799410109582e+00 6.446675682331527213e+00 6.496197734019625969e+00 6.545964780956587070e+00 6.595976633030180558e+00 6.646233083422411703e+00 6.696733908499067134e+00 6.747478867700182903e+00 6.798467703431398057e+00 6.849700140956285210e+00 6.901175888289628801e+00 6.952894636091690117e+00 7.004856057563492833e+00 7.057059808343117524e+00 7.109505526403057551e+00 7.162192831948614113e+00 7.215121327317432609e+00 7.268290596880111032e+00 7.321700206941915035e+00 7.375349705645713350e+00 7.429238622876025211e+00 7.483366470164277473e+00 7.537732740595267877e+00 7.592336908714893973e+00 7.647178430439079300e+00 7.702256742964013192e+00 7.757571264677691758e+00
5.955126530826052367e+00 6.002238351371255831e+00 6.049597725744755294e+00 6.097204639983125674e+00 6.145059064589482922e+00 6.193160954413677644e+00 6.241510248533208127e+00 6.290106870134804851e+00 6.338950726396771707e+00 6.388041708372035110e+00 6.437379690872014670e+00 6.486964532351192858e+00 6.536796074792575517e+00 6.586874143593943742e+00 6.637198547454954856e+00 6.687769078265082712e+00 6.738585510992510130e+00 6.789647603573877532e+00 6.840955096804973046e+00 6.892507714232383620e+00 6.944305162046119584e+00 6.996347128973215312e+00 7.048633286172337975e+00 7.101163287129456769e+00 7.153936767554561094e+00 7.206953345279401901e+00 7.260212620156416996e+00 7.313714173958694609e+00 7.367457570281112034e+00 7.421442354442629785e+00 7.475668053389753709e+00 7.530134175601189916e+00 7.584840210993762710e+00 7.639785630829504903e+00 7.694969887624047544e+00 7.750392415056330364e+00 7.806052627879507710e+00
