upland/rainfall_series/rainfall_2.asc
ncols 76
nrows 55
xllcorner 0.0
yllcorner 0.0
cellsize 10.0
[rows 17 to 33 of 55, columns 37 to 73 of 76]
2.222692951330506872e-01 2.258873961759827464e-01 2.295574252738040166e-01 2.332800015251089432e-01 2.370557492542367806e-01 2.408852980196040661e-01 2.447692826213745398e-01 2.487083431084506080e-01 2.527031247847733031e-01 2.567542782149221381e-01 2.608624592289988109e-01 2.650283289267831299e-01 2.692525536811517517e-01 2.735358051407436042e-01 2.778787602318594230e-01 2.822821011595879614e-01 2.867465154081383916e-01 2.912726957403743433e-01 2.958613401965309309e-01 3.005131520921044963e-01 3.052288400149032466e-01 3.100091178212447396e-01 3.148547046312861752e-01 3.197663248234803857e-01 3.247447080281366527e-01 3.297905891200801909e-01 3.349047082103946416e-01 3.400878106372360876e-01 3.453406469557026570e-01 3.506639729267527761e-01 3.560585495051534766e-01 3.615251428264495970e-01 3.670645241929406111e-01 3.726774700586496514e-01 3.783647620132771228e-01 3.841271867651214755e-01 3.899655361229570349e-01
2.217492707790118811e-01 2.253589068621008329e-01 2.290203495084746077e-01 2.327342163682765419e-01 2.365011303051672287e-01 2.403217194046401717e-01 2.441966169816716659e-01 2.481264615876961621e-01 2.521118970168934048e-01 2.561535723117723817e-01 2.602521417680453419e-01 2.644082649387741735e-01 2.686226066377804811e-01 2.728958369423037378e-01 2.772286311948994886e-01 2.816216700045587884e-01 2.860756392470440446e-01 2.905912300644212243e-01 2.951691388637800451e-01 2.998100673151304352e-01 3.045147223484587218e-01 3.092838161499336658e-01 3.141180661572497979e-01 3.190181950540934563e-01 3.239849307637206466e-01 3.290190064416333993e-01 3.341211604673410274e-01 3.392921364351956237e-01 3.445326831442865889e-01 3.498435545873832542e-01 3.552255099389119986e-01 3.606793135419568697e-01 3.662057348942669432e-01 3.718055486332632609e-01 3.774795345200276375e-01 3.832284774222648460e-01 3.890531672962223020e-01
2.212237486034132061e-01 2.248248302330836390e-01 2.284775956499961735e-01 2.321826610405297864e-01 2.359406477922242895e-01 2.397521825020770825e-01 2.436178969841752695e-01 2.475384282766550925e-01 2.515144186479716382e-01 2.555465156024728790e-01 2.596353718852598691e-01 2.637816454863236015e-01 2.679859996439477587e-01 2.722491028473599806e-01 2.765716288386256827e-01 2.809542566137656072e-01 2.853976704230893890e-01 2.899025597707292068e-01 2.944696194133648581e-01 2.990995493581230513e-01 3.037930548596405322e-01 3.085508464162811104e-01 3.133736397654882655e-01 3.182621558782648963e-01 3.232171209527663347e-01 3.282392664069936905e-01 3.333293288705762025e-01 3.384880501756261650e-01 3.437161773466585468e-01 3.490144625895603148e-01 3.543836632795954178e-01 3.598245419484356611e-01 3.653378662702022051e-01 3.709244090465083077e-01 3.765849481904851581e-01 3.823202667097840846e-01 3.881311526885403707e-01
2.206927734975367428e-01 2.242852119109535192e-01 2.279292100616201189e-01 2.316253826569611429e-01 2.353743495930799567e-01 2.391767359630329881e-01 2.430331720644447746e-01 2.469442934064502160e-01 2.509107407159497094e-01 2.549331599431685635e-01 2.590122022665078405e-01 2.631485240966691674e-01 2.673427870800494932e-01 2.715956581013877491e-01 2.759078092856521169e-01 2.802799179991561918e-01 2.847126668498902724e-01 2.892067436870585651e-01 2.937628415998049247e-01 2.983816589151183640e-01 3.030638991949028416e-01 3.078102712322040579e-01 3.126214890465719987e-01 3.174982718785550051e-01 3.224413441833079430e-01 3.274514356233028667e-01 3.325292810601303550e-01 3.376756205453781967e-01 3.428911993105739908e-01 3.481767677561807828e-01 3.535330814396315802e-01 3.589609010623903695e-01 3.644609924560292535e-01 3.700341265673034452e-01 3.756810794422186794e-01 3.814026322090736110e-01 3.871995710604654861e-01
2.201563907415029220e-01 2.237400979129015310e-01 2.273752395081852784e-01 2.310624287407638533e-01 2.348022840001129374e-01 2.385954288600324324e-01 2.424424920862397748e-01 2.463441076432962562e-01 2.503009147008482538e-01 2.543135576391707953e-01 2.583826860540087145e-01 2.625089547606900831e-01 2.666930237975133067e-01 2.709355584283875129e-01 2.752372291447147679e-01 2.795987116665030192e-01 2.840206869426987746e-01 2.885038411507229728e-01 2.930488656952004445e-01 2.976564572058714164e-01 3.023273175346686270e-01 3.070621537519509503e-01 3.118616781418798167e-01 3.167266081969253300e-01 3.216576666114900895e-01 3.266555812746383403e-01 3.317210852619159600e-01 3.368549168262528481e-01 3.420578193879278972e-01 3.473305415235937166e-01 3.526738369543386820e-01 3.580884645327803706e-01 3.635751882291746728e-01 3.691347771165298663e-01 3.747680053547103318e-01 3.804756521735215280e-01 3.862585018547589621e-01
2.196146459978482457e-01 2.231895346447588524e-01 2.268157311494866379e-01 2.304938472164899110e-01 2.342244997135576046e-01 2.380083106800437998e-01 2.418459073344460808e-01 2.457379220813120102e-01 2.496849925174653151e-01 2.536877614375383505e-01 2.577468768387972675e-01 2.618629919252485894e-01 2.660367651110172593e-01 2.702688600229795068e-01 2.745599455026407343e-01 2.789106956072471832e-01 2.833217896101153932e-01 2.877939120001711815e-01 2.923277524806819350e-01 2.969240059671720000e-01 3.015833725845081803e-01 3.063065576631424647e-01 3.110942717344996611e-01 3.159472305254965030e-01 3.208661549521820699e-01 3.258517711124850891e-01 3.309048102780519640e-01 3.360260088851738103e-01 3.412161085247760739e-01 3.464758559314679576e-01 3.518060029716363335e-01 3.572073066305698208e-01 3.626805289986019254e-01 3.682264372562626398e-01 3.738458036584203503e-01 3.795394055174085568e-01 3.853080251851197513e-01
2.190675853050582933e-01 2.226335688944263702e-01 2.262507325335950392e-01 2.299196864032656829e-01 2.336410458346075414e-01 2.374154313174730857e-01 2.412434685079568042e-01 2.451257882352847750e-01 2.490630265080255312e-01 2.530558245196074529e-01 2.571048286531343319e-01 2.612106904854799017e-01 2.653740667906574480e-01 2.695956195424462631e-01 2.738760159162664243e-01 2.782159282902854081e-01 2.826160342457481045e-01 2.870770165665164630e-01 2.915995632378051705e-01 2.961843674441023144e-01 3.008321275662612093e-01 3.055435471777536161e-01 3.103193350400690331e-01 3.151602050972468483e-01 3.200668764695315249e-01 3.250400734461401653e-01 3.300805254771192465e-01 3.351889671642952484e-01 3.403661382512885303e-01 3.456127836125902353e-01 3.509296532416862346e-01 3.563175022382121249e-01 3.617770907941330605e-01 3.673091841789292711e-01 3.729145527237807123e-01 3.785939718047338642e-01 3.843482218248402416e-01
2.185152550710602881e-01 2.220722478252595833e-01 2.256802915901371942e-01 2.293399950079596239e-01 2.330519718584752598e-01 2.368168410671096791e-01 2.406352267125038968e-01 2.445077580333890888e-01 2.484350694347786381e-01 2.524178004934751751e-01 2.564565959628702929e-01 2.605521057770317506e-01 2.647049850540631466e-01 2.689158940987240176e-01 2.731854984042996204e-01 2.775144686537054373e-01 2.819034807198163017e-01 2.863532156650055449e-01 2.908643597398868907e-01 2.954376043812368402e-01 3.000736462090976553e-01 3.047731870230361295e-01 3.095369337975573676e-01 3.143655986766492605e-01 3.192598989674553245e-01 3.242205571330569747e-01 3.292483007843556853e-01 3.343438626710425465e-01 3.395079806716377324e-01 3.447413977825983800e-01 3.500448621064670141e-01 3.554191268390644587e-01 3.608649502556999233e-01 3.663830956963974317e-01 3.719743315501172765e-01 3.776394312379682816e-01 3.833791731953882786e-01
2.179577020666768894e-01 2.215056189694164512e-01 2.251044566235337330e-01 2.287548221183121067e-01 2.324573276674098965e-01 2.362125906170318701e-01 2.400212334534501946e-01 2.438838838098605077e-01 2.478011744725596432e-01 2.517737433864360441e-01 2.558022336597599034e-01 2.598872935682587371e-01 2.640295765584677601e-01 2.682297412503453771e-01 2.724884514391355261e-01 2.768063760964722397e-01 2.811841893707047735e-01 2.856225705864413600e-01 2.901222042432908266e-01 2.946837800137938612e-01 2.993079927405294938e-01 3.039955424323875777e-01 3.087471342599904522e-01 3.135634785502537936e-01 3.184452907800747190e-01 3.233932915691327681e-01 3.284082066717924908e-01 3.334907669680958198e-01 3.386417084538284605e-01 3.438617722296521961e-01 3.491517044892886168e-01 3.545122565067390097e-01 3.599441846225348574e-01 3.654482502289976842e-01 3.710252197545045871e-01 3.766758646467390781e-01 3.824009613549216313e-01
2.173949734190389060e-01 2.209337302211640541e-01 2.245232763061972003e-01 2.281642171960234222e-01 2.318571635236724438e-01 2.356027310414692544e-01 2.394015406285352754e-01 2.432542182976271117e-01 2.471613952012978732e-01 2.511237076373746824e-01 2.551417970537339652e-01 2.592163100523687258e-01 2.633478983927301509e-01 2.675372189943345247e-01 2.717849339386236851e-01 2.760917104700623126e-01 2.804582209964677775e-01 2.848851430885510627e-01 2.893731594786622119e-01 2.939229580587280899e-01 2.985352318773662472e-01 3.032106791361658393e-01 3.079500031851221120e-01 3.127539125172109080e-01 3.176231207620932584e-01 3.225583466789346265e-01 3.275603141483289238e-01 3.326297521633136411e-01 3.377673948194621079e-01 3.429739813040440510e-01 3.482502558842390239e-01 3.535969678943911010e-01 3.590148717222921282e-01 3.645047267944824254e-01 3.700672975605543980e-01 3.757033534764492866e-01 3.814136689867315133e-01
2.168271166049627885e-01 2.203566298301466997e-01 2.239367996716918607e-01 2.275682300698017024e-01 2.312515300624725934e-01 2.349873137936244472e-01 2.387762005205828209e-01 2.426188146208971830e-01 2.465157855984896895e-01 2.504677480891147057e-01 2.544753418651251597e-01 2.585392118395267169e-01 2.626600080693109462e-01 2.668383857580572394e-01 2.710750052577852176e-01 2.753705320700535197e-01 2.797256368462835985e-01 2.841409953873063610e-01 2.886172886421091710e-01 2.931552027057772736e-01 2.977554288166183727e-01 3.024186633524512113e-01 3.071456078260520473e-01 3.119369688797445361e-01 3.167934582791193665e-01 3.217157929058734323e-01 3.267046947497538323e-01 3.317608908995977601e-01 3.368851135334490210e-01 3.420780999077483453e-01 3.473405923455775701e-01 3.526733382239460313e-01 3.580770899601113944e-01 3.635526049969179385e-01 3.691006457871420232e-01 3.747219797768303606e-01 3.804173793876230447e-01
2.162541794442922327e-01 2.197743663946196691e-01 2.233450761078568936e-01 2.269669109283743436e-01 2.306404782848660295e-01 2.343663906984572720e-01 2.381452657901670655e-01 2.419777262877095825e-01 2.458644000316253797e-01 2.498059199807274311e-01 2.538029242168542976e-01 2.578560559489135318e-01 2.619659635162068789e-01 2.661333003910241191e-01 2.703587251804915881e-01 2.746429016276672463e-01 2.789864986118651968e-01 2.833901901482003827e-01 2.878546553863419732e-01 2.923805786084598957e-01 2.969686492263550193e-01 3.016195617777592264e-01 3.063340159217936010e-01 3.111127164335721340e-01 3.159563731979386780e-01 3.208657012023242716e-01 3.258414205287130661e-01 3.308842563447053631e-01 3.359949388936611658e-01 3.411742034839178039e-01 3.464227904770655342e-01 3.517414452752684051e-01 3.571309183076206706e-01 3.625919650155230989e-01 3.681253458370705167e-01 3.737318261904348793e-01 3.794121764562331522e-01
2.156762100932030080e-01 2.191869888546454370e-01 2.227481553498915356e-01 2.263603103134635142e-01 2.300240595506165553e-01 2.337400139454290093e-01 2.375087894682416378e-01 2.413310071824421588e-01 2.452072932505801328e-01 2.491382789397978970e-01 2.531246006265721604e-01 2.571668998007448081e-01 2.612658230688407190e-01 2.654220221566540583e-01 2.696361539110927463e-01 2.739088803012683648e-01 2.782408684188221737e-01 2.826327904774705302e-01 2.870853238117607176e-01 2.915991508750229722e-01 2.961749592365095496e-01 3.008134415777036219e-01 3.055152956877900672e-01 3.102812244582735524e-01 3.151119358767318079e-01 3.200081430196928256e-01 3.249705640446214905e-01 3.299999221810066552e-01 3.350969457205317803e-01 3.402623680063205369e-01 3.454969274212434938e-01 3.508013673752742867e-01 3.561764362918807270e-01 3.616228875934415776e-01 3.671414796856755647e-01 3.727329759410674681e-01 3.783981446812854643e-01
2.150932570374765040e-01 2.185945464852571130e-01 2.221460874734089430e-01 2.257484791127232215e-01 2.294023255710195552e-01 2.331082360812122833e-01 2.368668249487307087e-01 2.406787115582851300e-01 2.445445203799650469e-01 2.484648809746556886e-01 2.524404279987656485e-01 2.564718012082493059e-01 2.605596454619129032e-01 2.647046107239955370e-01 2.689073520660079653e-01 2.731685296678199593e-01 2.774888088179851553e-01 2.818688599132877504e-01 2.863093584575012729e-01 2.908109850593477708e-01 2.953744254296423177e-01 3.000003703776136232e-01 3.046895158063863129e-01 3.094425627076133889e-01 3.142602171552472123e-01 3.191431902984349644e-01 3.240921983535280937e-01 3.291079625951917609e-01 3.341912093466036793e-01 3.393426699687285830e-01 3.445630808486553898e-01 3.498531833869890084e-01 3.552137239842765304e-01 3.606454540264658615e-01 3.661491298693734797e-01 3.717255128221588767e-01 3.773753691297869195e-01
2.145053690857408324e-01 2.179970888895900738e-01 2.215389228874541372e-01 2.251314685526481785e-01 2.287753284016947886e-01 2.324711100023663102e-01 2.362194259810865837e-01 2.400208940296783833e-01 2.438761369114430533e-01 2.477857824665653796e-01 2.517504636168250154e-01 2.557708183696099646e-01 2.598474898212138617e-01 2.639811261594077751e-01 2.681723806652762110e-01 2.724219117143009683e-01 2.767303827766836588e-01 2.810984624168954560e-01 2.855268242924388633e-01 2.900161471518117873e-01 2.945671148316598154e-01 2.991804162531079836e-01 3.038567454172543814e-01 3.085968013998179327e-01 3.134012883449256437e-01 3.182709154580283251e-01 3.232063969979309115e-01 3.282084522679279415e-01 3.332778056060272109e-01 3.384151863742536070e-01 3.436213289470206877e-01 3.488969726985537978e-01 3.542428619893555064e-01 3.596597461517022087e-01 3.651483794741566258e-01 3.707095211850855443e-01 3.763439354351705846e-01
2.139125953626798970e-01 2.173946659919798741e-01 2.209267123274916145e-01 2.245093301914456996e-01 2.281431204353433218e-01 2.318286889479768687e-01 2.355666466628114908e-01 2.393576095647122481e-01 2.432021986960087589e-01 2.471010401618838614e-01 2.510547651350736320e-01 2.550640098598672134e-01 2.591294156553973216e-01 2.632516289182045277e-01 2.674313011240664895e-01 2.716690888290811401e-01 2.759656536699867657e-01 2.803216623637136973e-01 2.847377867061490764e-01 2.892147035701067570e-01 2.937530949024880766e-01 2.983536477206222282e-01 3.030170541077740753e-01 3.077440112078047574e-01 3.125352212189781986e-01 3.173913913868957604e-01 3.223132339965469328e-01 3.273014663634719046e-01 3.323568108240096408e-01 3.374799947246345244e-01 3.426717504103562462e-01 3.479328152121806128e-01 3.532639314336112890e-01 3.586658463361861449e-01 3.641393121240333319e-01 3.696850859274338208e-01 3.753039297853811851e-01
2.133149853022140996e-01 2.167873280310330941e-01 2.203095068483628682e-01 2.238821159118780935e-01 2.275057543944748184e-01 2.311810264922670166e-01 2.349085414319474485e-01 2.386889134774977939e-01 2.425227619362344544e-01 2.464107111641830605e-01 2.503533905707651663e-01 2.543514346227870315e-01 2.584054828477207466e-01 2.625161798362615206e-01 2.666841752441517222e-01 2.709101237932609041e-01 2.751946852719053815e-01 2.795385245344006453e-01 2.839423114998301245e-01 2.884067211500202510e-01 2.929324335267095569e-01 2.975201337278993718e-01 3.021705119033727960e-01 3.068842632493731792e-01 3.116620880024247864e-01 3.165046914322880434e-01 3.214127838340353760e-01 3.263870805192330415e-01 3.314283018062212927e-01 3.365371730094782743e-01 3.417144244280529430e-01 3.469607913330609583e-01 3.522770139542242829e-01 3.576638374654482200e-01 3.631220119694189563e-01 3.686522924812142832e-01 3.742554389109106205e-01
