upland/rainfall_series/rainfall_2.asc
ncols 76
nrows 55
xllcorner 0.0
yllcorner 0.0
cellsize 10.0
[rows 34 to 50 of 55, columns 37 to 73 of 76]
2.127125886406535105e-01 2.161751255526677129e-01 2.196873578172130193e-01 2.232498779140772438e-01 2.268632833241051305e-01 2.305281765371745839e-01 2.342451650595367418e-01 2.380148614205049029e-01 2.418378831784865624e-01 2.457148529263394887e-01 2.496463982960475669e-01 2.536331519626973674e-01 2.576757516477498067e-01 2.617748401215908016e-01 2.659310652053494262e-01 2.701450797719758268e-01 2.744175417465590794e-01 2.787491141058812127e-01 2.831404648771893573e-01 2.875922671361767491e-01 2.921051990041594881e-01 2.966799436444375049e-01 3.013171892578273003e-01 3.060176290773528596e-01 3.107819613620873556e-01 3.156108893901254375e-01 3.205051214506814405e-01 3.254653708352993058e-01 3.304923558281558371e-01 3.355867996954575716e-01 3.407494306739063394e-01 3.459809819582283508e-01 3.512821916877537642e-01 3.566538029320334702e-01 3.620965636754813755e-01 3.676112268010295336e-01 0.000000000000000000e+00
2.121054554098228961e-01 2.155581094031264466e-01 2.190603169063925493e-01 2.226126687083280764e-01 2.262157605844230812e-01 2.298701933049035750e-01 2.335765726420500898e-01 2.373355093768698132e-01 2.411476193051083627e-01 2.450135232425927900e-01 2.489338470298937678e-01 2.529092215362898632e-01 2.569402826630302061e-01 2.610276713458783426e-01 2.651720335569256459e-01 2.693740203056642635e-01 2.736342876393059176e-01 2.779534966423363729e-01 2.823323134352913044e-01 2.867714091727429637e-01 2.912714600404847642e-01 2.958331472519032945e-01 3.004571570435232708e-01 3.051441806697143266e-01 3.098949143965483155e-01 3.147100594947943586e-01 3.195903222320379267e-01 3.245364138639157403e-01 3.295490506244482809e-01 3.346289537154652494e-01 3.397768492951039332e-01 3.449934684653753747e-01 3.502795472587820202e-01 3.556358266239739718e-01 3.610630524104361805e-01 3.665619753521909274e-01 0.000000000000000000e+00
2.114936359301611557e-01 2.149363307219649133e-01 2.184284360863293362e-01 2.219705411078281843e-01 2.255632398434330721e-01 2.292071313304446523e-01 2.329028195937898893e-01 2.366509136526738222e-01 2.404520275265761287e-01 2.443067802405766986e-01 2.482157958300047484e-01 2.521797033443929914e-01 2.561991368507299249e-01 2.602747354359953302e-01 2.644071432089705187e-01 2.685970093013063109e-01 2.728449878678426144e-01 2.771517380861632240e-01 2.815179241553744660e-01 2.859442152940993576e-01 2.904312857376693535e-01 2.949798147345070176e-01 2.995904865416833540e-01 3.042639904196406397e-01 3.090010206260671577e-01 3.138022764089119510e-01 3.186684619985274969e-01 3.236002865989291988e-01 3.285984643781564296e-01 3.336637144577270786e-01 3.387967609011717784e-01 3.439983327016331027e-01 3.492691637685227946e-01 3.546099929132204287e-01 3.600215638338035151e-01 3.655046250987973866e-01 0.000000000000000000e+00
2.108771808037986917e-01 2.143098409350152611e-01 2.177917676183799001e-01 2.213235482214204186e-01 2.249057750695694635e-01 2.285390454540727478e-01 2.322239616392636485e-01 2.359611308691971499e-01 2.397511653736272008e-01 2.435946823733191602e-01 2.474923040846830902e-01 2.514446577237176572e-01 2.554523755092521498e-01 2.595160946654754830e-01 2.636364574237403668e-01 2.678141110236290645e-01 2.720497077132713604e-01 2.763439047488996381e-01 2.806973643936339080e-01 2.851107539154791870e-01 2.895847455845269036e-01 2.941200166693463958e-01 2.987172494325580629e-01 3.033771311255691328e-01 3.081003539824662130e-01 3.128876152130530830e-01 3.177396169950124083e-01 3.226570664651935982e-01 3.276406757100017719e-01 3.326911617548813371e-01 3.378092465528846344e-01 3.429956569723074389e-01 3.482511247833853241e-01 3.535763866440327363e-01 3.589721840846197276e-01 3.644392634917666962e-01 0.000000000000000000e+00
2.102561409076098564e-01 2.136786917473259828e-01 2.171503640476524222e-01 2.206717434463011107e-01 2.242434205242883061e-01 2.278659908138175316e-01 2.315400548055354668e-01 2.352662179551441579e-01 2.390450906893619165e-01 2.428772884112191388e-01 2.467634315046797477e-01 2.507041453385712160e-01 2.547000602698185068e-01 2.587518116459657791e-01 2.628600398069743105e-01 2.670253900862851193e-01 2.712485128111368216e-01 2.755300633021221524e-01 2.798707018719754358e-01 2.842710938235760709e-01 2.887319094471590963e-01 2.932538240167174015e-01 2.978375177855857592e-01 3.024836759811946885e-01 3.071929887989803820e-01 3.119661513954409826e-01 3.168038638803246654e-01 3.217068313079408104e-01 3.266757636675769461e-01 3.317113758730155237e-01 3.368143877511346473e-01 3.419855240295801568e-01 3.472255143235015717e-01 3.525350931213326322e-01 3.579149997696128849e-01 3.633659784568311624e-01 0.000000000000000000e+00
2.096305673862440544e-01 2.130429351360793588e-01 2.165042781958109452e-01 2.200151804607077544e-01 2.235762307546343142e-01 2.271880228379118682e-01 2.308511554145513400e-01 2.345662321388474192e-01 2.383338616213203087e-01 2.421546574339961955e-01 2.460292381150154806e-01 2.499582271725500349e-01 2.539422530880292572e-01 2.579819493186519819e-01 2.620779542991809041e-01 2.662309114430013723e-01 2.704414691424381623e-01 2.747102807683135528e-01 2.790380046687384596e-01 2.834253041671214168e-01 2.878728475593881342e-01 2.923813081103937006e-01 2.969513640495203277e-01 3.015836985654464231e-01 3.062789998000750025e-01 3.110379608416101171e-01 3.158612797167686947e-01 3.207496593821173581e-01 3.257038077145175126e-01 3.307244375006747616e-01 3.358122664257710555e-01 3.409680170611757433e-01 3.461924168512195976e-01 3.514861980990186541e-01 3.568500979513402060e-01 3.622848583824947455e-01 0.000000000000000000e+00
2.090005116451384426e-01 2.124026233434906097e-01 2.158535631538589239e-01 2.193539132165837624e-01 2.229042605857890214e-01 2.265051972372172928e-01 2.301573200754435111e-01 2.338612309404473621e-01 2.376175366135378775e-01 2.414268488226185283e-01 2.452897842467800238e-01 2.492069645202078243e-01 2.531790162353969587e-01 2.572065709456577975e-01 2.612902651669029019e-01 2.654307403787052877e-01 2.696286430246124244e-01 2.738846245117051992e-01 2.781993412093954343e-01 2.825734544474377552e-01 2.870076305131591954e-01 2.915025406478817804e-01 2.960588610425336498e-01 3.006772728324333399e-01 3.053584620912370706e-01 3.101031198240357112e-01 3.149119419595901581e-01 3.197856293416938556e-01 3.247248877196470818e-01 3.297304277378367843e-01 3.348029649244047556e-01 3.399432196789937133e-01 3.451519172595621243e-01 3.504297877682502893e-01 3.557775661362920228e-01 3.611959921079550551e-01 3.666858102234991090e-01
2.083660253435097864e-01 2.117578088696858429e-01 2.151982722748997934e-01 2.186879959322240163e-01 2.222275651135954821e-01 2.258175699976307516e-01 2.294586056768140037e-01 2.331512721640514874e-01 2.368961743985782131e-01 2.406939222512069487e-01 2.445451305289061961e-01 2.484504189786973793e-01 2.524104122908579217e-01 2.564257401014204962e-01 2.604970369939555996e-01 2.646249425006245160e-01 2.688101011024934817e-01 2.730531622290942040e-01 2.773547802572232657e-01 2.817156145089635411e-01 2.861363292489180754e-01 2.906175936806466020e-01 2.951600819422880995e-01 2.997644731013632824e-01 3.044314511487363761e-01 3.091617049917377291e-01 3.139559284464182864e-01 3.188148202289414201e-01 3.237390839460857483e-01 3.287294280848550576e-01 3.337865660011817281e-01 3.389112159077108388e-01 3.441041008606536833e-01 3.493659487456975965e-01 3.546974922629634319e-01 3.600994689109936475e-01 3.655726209697645612e-01
2.077271603873298567e-01 2.111085444655618759e-01 2.145384591668835494e-01 2.180174830849016809e-01 2.215461996970684300e-01 2.251251973724709976e-01 2.287550693789979495e-01 2.324364138898735721e-01 2.361698339895463850e-01 2.399559376789223153e-01 2.437953378799279924e-01 2.476886524393969169e-01 2.516365041322616847e-01 2.556395206640469375e-01 2.596983346726449704e-01 2.638135837293658081e-01 2.679859103392512876e-01 2.722159619406369080e-01 2.765043909039532344e-01 2.808518545297548630e-01 2.852590150459630713e-01 2.897265396043120500e-01 2.942551002759860035e-01 2.988453740464358521e-01 3.034980428093619897e-01 3.082137933598558810e-01 3.129933173866801255e-01 3.178373114636842689e-01 3.227464770403391525e-01 3.277215204313772556e-01 3.327631528055311483e-01 3.378720901733553994e-01 3.430490533741197279e-01 3.482947680617631270e-01 3.536099646898951399e-01 3.589953784958361815e-01 0.000000000000000000e+00
2.070839689222845337e-01 2.104548831256330410e-01 2.138741776853342325e-01 2.173424294034793369e-01 2.208602199508828967e-01 2.244281358748479727e-01 2.280467686063109289e-01 2.317167144663559442e-01 2.354385746720839556e-01 2.392129553418304022e-01 2.430404674997149184e-01 2.469217270795135422e-01 2.508573549278443338e-01 2.548479768066487794e-01 2.588942233949647620e-01 2.629967302899727244e-01 2.671561380073079750e-01 2.713730919806237596e-01 2.756482425603982711e-01 2.799822450119678341e-01 2.843757595127789362e-01 2.888294511488443961e-01 2.933439899103957860e-01 2.979200506867143994e-01 3.025583132601355474e-01 3.072594622992055879e-01 3.120241873509931874e-01 3.168531828325259481e-01 3.217471480213571211e-01 3.267067870452369238e-01 3.317328088708863532e-01 3.368259272918561753e-01 3.419868609154607109e-01 3.472163331487764237e-01 0.000000000000000000e+00 0.000000000000000000e+00 0.000000000000000000e+00
2.064365033267179794e-01 2.097968780808582012e-01 2.132054819260632283e-01 2.166628898610030163e-01 2.201696817378493432e-01 2.237264422700152855e-01 2.273337610392782149e-01 2.309922325022738809e-01 2.347024559963469259e-01 2.384650357447525848e-01 2.422805808611911693e-01 2.461497053536700896e-01 2.500730281276775657e-01 2.540511729886574255e-01 2.580847686437758304e-01 2.621744487029651349e-01 2.663208516792333613e-01 2.705246209882314901e-01 2.747864049470614689e-01 2.791068567723170024e-01 2.834866345773437435e-01 2.879264013687067303e-01 2.924268250418562420e-01 2.969885783759751985e-01 3.016123390280009975e-01 3.062987895258067472e-01 3.110486172605326227e-01 3.158625144780538019e-01 3.207411782695717140e-01 3.256853105613220500e-01 3.306956181033808284e-01 3.357728124575631856e-01 0.000000000000000000e+00 0.000000000000000000e+00 0.000000000000000000e+00 0.000000000000000000e+00 0.000000000000000000e+00
2.057848162045625984e-01 2.091345827914573852e-01 2.125324262178668600e-01 2.159789196672825262e-01 2.194746411613746895e-01 2.230201735677099228e-01 2.266161046068500273e-01 2.302630268588254092e-01 2.339615377689685527e-01 2.377122396530980675e-01 2.415157397020397945e-01 2.453726499854758103e-01 2.492835874551079245e-01 2.532491739471259273e-01 2.572700361839677652e-01 2.613468057753599028e-01 2.654801192186273529e-01 2.696706178982599122e-01 2.739189480847258884e-01 2.782257609325184400e-01 2.825917124774242617e-01 2.870174636330025675e-01 2.915036801862637139e-01 2.960510327925346963e-01 3.006601969694976395e-01 3.053318530903942341e-01 3.100666863763805181e-01 3.148653868880209039e-01 3.197286495159122333e-01 3.246571739704203763e-01 3.296516647705245440e-01 3.347128312317516619e-01 0.000000000000000000e+00 0.000000000000000000e+00 0.000000000000000000e+00 0.000000000000000000e+00 0.000000000000000000e+00
2.051289603782591175e-01 2.084680509397150439e-01 2.118550651152146802e-01 2.152905742614596718e-01 2.187751545579101620e-01 2.223093870144778050e-01 2.258938574786029663e-01 2.295291566417074214e-01 2.332158800450082337e-01 2.369546280846860087e-01 2.407460060163917892e-01 2.445906239590826814e-01 2.484890968981771642e-01 2.524420446880135671e-01 2.564500920536059714e-01 2.605138685916797425e-01 2.646340087709829203e-01 2.688111519318515108e-01 2.730459422850285978e-01 2.773390289097152350e-01 2.816910657508497340e-01 2.861027116155970829e-01 2.905746301690410593e-01 2.951074899290657694e-01 2.997019642604142331e-01 3.043587313679135264e-01 3.090784742888550429e-01 3.138618808845142216e-01 3.187096438308052448e-01 3.236224606080503885e-01 3.286010334898596397e-01 0.000000000000000000e+00 0.000000000000000000e+00 0.000000000000000000e+00 0.000000000000000000e+00 0.000000000000000000e+00 0.000000000000000000e+00
2.044689888816628165e-01 2.077973364227714836e-01 2.111734533909227496e-01 2.145979093045640163e-01 2.180712784893849288e-01 0.000000000000000000e+00 0.000000000000000000e+00 0.000000000000000000e+00 0.000000000000000000e+00 0.000000000000000000e+00 0.000000000000000000e+00 2.438036905107286434e-01 2.476896207010307605e-01 0.000000000000000000e+00 0.000000000000000000e+00 0.000000000000000000e+00 0.000000000000000000e+00 0.000000000000000000e+00 2.721674581410190585e-01 2.764467324068877185e-01 2.807847672257724470e-01 2.851822192852255800e-01 2.896397501150886344e-01 2.941580260823901116e-01 2.987377183854235674e-01 3.033795030469946807e-01 3.080840609068243863e-01 3.128520776130991332e-01 3.176842436131525615e-01 3.225812541432689362e-01 0.000000000000000000e+00 0.000000000000000000e+00 0.000000000000000000e+00 0.000000000000000000e+00 0.000000000000000000e+00 0.000000000000000000e+00 0.000000000000000000e+00
2.038049549529413473e-01 2.071224933454061945e-01 2.104876460288196416e-01 2.139009806720592599e-01 2.173630697356340458e-01 0.000000000000000000e+00 0.000000000000000000e+00 0.000000000000000000e+00 0.000000000000000000e+00 0.000000000000000000e+00 0.000000000000000000e+00 0.000000000000000000e+00 0.000000000000000000e+00 0.000000000000000000e+00 0.000000000000000000e+00 0.000000000000000000e+00 0.000000000000000000e+00 0.000000000000000000e+00 0.000000000000000000e+00 0.000000000000000000e+00 0.000000000000000000e+00 0.000000000000000000e+00 2.886991154387262837e-01 2.932027178432639603e-01 2.977675371277093697e-01 3.023942471194150383e-01 3.070835264470054837e-01 3.118360585319548406e-01 3.166525315792979023e-01 0.000000000000000000e+00 0.000000000000000000e+00 0.000000000000000000e+00 0.000000000000000000e+00 0.000000000000000000e+00 0.000000000000000000e+00 0.000000000000000000e+00 0.000000000000000000e+00
0.000000000000000000e+00 2.064435760128120190e-01 2.097976982164031501e-01 2.131998444463817366e-01 0.000000000000000000e+00 0.000000000000000000e+00 0.000000000000000000e+00 0.000000000000000000e+00 0.000000000000000000e+00 0.000000000000000000e+00 0.000000000000000000e+00 0.000000000000000000e+00 0.000000000000000000e+00 0.000000000000000000e+00 0.000000000000000000e+00 0.000000000000000000e+00 0.000000000000000000e+00 0.000000000000000000e+00 0.000000000000000000e+00 0.000000000000000000e+00 0.000000000000000000e+00 0.000000000000000000e+00 0.000000000000000000e+00 2.922416420861488340e-01 2.967914985585774490e-01 3.014030428695522734e-01 3.060769514232520860e-01 3.108139054009950719e-01 3.156145907519802840e-01 0.000000000000000000e+00 0.000000000000000000e+00 0.000000000000000000e+00 0.000000000000000000e+00 0.000000000000000000e+00 0.000000000000000000e+00 0.000000000000000000e+00 0.000000000000000000e+00
0.000000000000000000e+00 0.000000000000000000e+00 0.000000000000000000e+00 0.000000000000000000e+00 0.000000000000000000e+00 0.000000000000000000e+00 0.000000000000000000e+00 0.000000000000000000e+00 0.000000000000000000e+00 0.000000000000000000e+00 0.000000000000000000e+00 0.000000000000000000e+00 0.000000000000000000e+00 0.000000000000000000e+00 0.000000000000000000e+00 0.000000000000000000e+00 0.000000000000000000e+00 0.000000000000000000e+00 0.000000000000000000e+00 0.000000000000000000e+00 0.000000000000000000e+00 0.000000000000000000e+00 0.000000000000000000e+00 0.000000000000000000e+00 2.958096810270564037e-01 3.004059698638214537e-01 3.050644166358296161e-01 3.097857002709784036e-01 0.000000000000000000e+00 0.000000000000000000e+00 0.000000000000000000e+00 0.000000000000000000e+00 0.000000000000000000e+00 0.000000000000000000e+00 0.000000000000000000e+00 0.000000000000000000e+00 0.000000000000000000e+00
