upland/rainfall_series/rainfall_1.asc
ncols 76
nrows 55
xllcorner 0.0
yllcorner 0.0
cellsize 10.0
[rows 17 to 33 of 55, columns 37 to 73 of 76]
0.000000000000000000e+00 0.000000000000000000e+00 0.000000000000000000e+00 0.000000000000000000e+00 0.000000000000000000e+00 0.000000000000000000e+00 0.000000000000000000e+00 0.000000000000000000e+00 0.000000000000000000e+00 0.000000000000000000e+00 0.000000000000000000e+00 0.000000000000000000e+00 0.000000000000000000e+00 0.000000000000000000e+00 0.000000000000000000e+00 0.000000000000000000e+00 0.000000000000000000e+00 0.000000000000000000e+00 0.000000000000000000e+00 0.000000000000000000e+00 0.000000000000000000e+00 0.000000000000000000e+00 3.599327227175319610e-01 3.633746608336806960e-01 3.668430774091954172e-01 3.703381029036985628e-01 3.738598676137800392e-01 3.774085016622556465e-01 3.809841349873404059e-01 3.845868973317354000e-01 3.882169182316273504e-01 3.918743270056021522e-01 3.955592527434749761e-01 3.992718242950324403e-01 4.030121702586910715e-01 4.067804189700732209e-01 4.105766984904943850e-01
0.000000000000000000e+00 0.000000000000000000e+00 0.000000000000000000e+00 0.000000000000000000e+00 0.000000000000000000e+00 0.000000000000000000e+00 0.000000000000000000e+00 0.000000000000000000e+00 0.000000000000000000e+00 0.000000000000000000e+00 0.000000000000000000e+00 0.000000000000000000e+00 0.000000000000000000e+00 0.000000000000000000e+00 0.000000000000000000e+00 0.000000000000000000e+00 0.000000000000000000e+00 0.000000000000000000e+00 0.000000000000000000e+00 0.000000000000000000e+00 0.000000000000000000e+00 3.594911126758639774e-01 3.629351949777080977e-01 3.664058449143238194e-01 3.699031941872495399e-01 3.734273743443702331e-01 3.769785167691785954e-01 3.805567526699438208e-01 3.841622130687940562e-01 3.877950287907133697e-01 3.914553304524470145e-01 3.951432484513269783e-01 3.988589129540035527e-01 4.026024538850979106e-01 4.063740009157627564e-01 4.101736834521659270e-01 4.140016306238800681e-01
0.000000000000000000e+00 0.000000000000000000e+00 0.000000000000000000e+00 0.000000000000000000e+00 0.000000000000000000e+00 0.000000000000000000e+00 0.000000000000000000e+00 0.000000000000000000e+00 0.000000000000000000e+00 0.000000000000000000e+00 0.000000000000000000e+00 0.000000000000000000e+00 0.000000000000000000e+00 0.000000000000000000e+00 0.000000000000000000e+00 0.000000000000000000e+00 0.000000000000000000e+00 0.000000000000000000e+00 0.000000000000000000e+00 0.000000000000000000e+00 3.590374465221571332e-01 3.624835417616063538e-01 3.659562928446528085e-01 3.694558327133160569e-01 3.729822941654257762e-01 3.765358098438812418e-01 3.801165122258205464e-01 3.837245336116993366e-01 3.873600061142833950e-01 3.910230616475529608e-01 3.947138319155165664e-01 3.984324484009415523e-01 4.021790423539957082e-01 4.059537447808009847e-01 4.097566864319031055e-01 4.135879977906538607e-01 4.174478090615110215e-01
0.000000000000000000e+00 0.000000000000000000e+00 0.000000000000000000e+00 0.000000000000000000e+00 0.000000000000000000e+00 0.000000000000000000e+00 0.000000000000000000e+00 0.000000000000000000e+00 0.000000000000000000e+00 0.000000000000000000e+00 0.000000000000000000e+00 0.000000000000000000e+00 0.000000000000000000e+00 0.000000000000000000e+00 0.000000000000000000e+00 0.000000000000000000e+00 0.000000000000000000e+00 0.000000000000000000e+00 0.000000000000000000e+00 0.000000000000000000e+00 3.620197480263396272e-01 3.654944678427389237e-01 3.689960649163054884e-01 3.725246732933244487e-01 3.760804268746952284e-01 3.796634594050993239e-01 3.832739044620800950e-01 3.869118954450311842e-01 3.905775655640982835e-01 3.942710478289868647e-01 3.979924750376915843e-01 4.017419797651238800e-01 4.055196943516665153e-01 4.093257508916268717e-01 4.131602812216154663e-01 4.170234169088283815e-01 4.209152892392503120e-01
0.000000000000000000e+00 0.000000000000000000e+00 0.000000000000000000e+00 0.000000000000000000e+00 0.000000000000000000e+00 0.000000000000000000e+00 0.000000000000000000e+00 0.000000000000000000e+00 0.000000000000000000e+00 0.000000000000000000e+00 0.000000000000000000e+00 0.000000000000000000e+00 0.000000000000000000e+00 0.000000000000000000e+00 0.000000000000000000e+00 0.000000000000000000e+00 0.000000000000000000e+00 0.000000000000000000e+00 0.000000000000000000e+00 3.615438618308681740e-01 3.650204177841427922e-01 3.685239384787449279e-01 3.720545592077885710e-01 3.756124151286277524e-01 3.791976412520235429e-01 3.828103724312280631e-01 3.864507433509652978e-01 3.901188885163369147e-01 3.938149422416246104e-01 3.975390386390126873e-01 4.012913116072143183e-01 4.050718948200163760e-01 4.088809217147272856e-01 4.127185254805461057e-01 4.165848390468337437e-01 4.204799950713075107e-01 4.244041259281407519e-01
0.000000000000000000e+00 0.000000000000000000e+00 0.000000000000000000e+00 0.000000000000000000e+00 0.000000000000000000e+00 0.000000000000000000e+00 0.000000000000000000e+00 0.000000000000000000e+00 0.000000000000000000e+00 0.000000000000000000e+00 0.000000000000000000e+00 0.000000000000000000e+00 0.000000000000000000e+00 0.000000000000000000e+00 0.000000000000000000e+00 0.000000000000000000e+00 0.000000000000000000e+00 0.000000000000000000e+00 3.610559324438489259e-01 3.645341917691583555e-01 3.680395023230407792e-01 3.715720006436756262e-01 3.751318231431859940e-01 3.787191060968123635e-01 3.823339856319913355e-01 3.859765977173443274e-01 3.896470781515752879e-01 3.933455625522763732e-01 3.970721863446436406e-01 4.008270847501024803e-01 4.046103927748436746e-01 4.084222451982698621e-01 4.122627765613499640e-01 4.161321211548901222e-01 4.200304130077113784e-01 4.239577858747428096e-01 4.279143732250247911e-01
0.000000000000000000e+00 0.000000000000000000e+00 0.000000000000000000e+00 0.000000000000000000e+00 0.000000000000000000e+00 0.000000000000000000e+00 0.000000000000000000e+00 0.000000000000000000e+00 0.000000000000000000e+00 0.000000000000000000e+00 0.000000000000000000e+00 0.000000000000000000e+00 0.000000000000000000e+00 0.000000000000000000e+00 0.000000000000000000e+00 0.000000000000000000e+00 0.000000000000000000e+00 3.605560103351366230e-01 3.640358401143377054e-01 3.675428066030308472e-01 3.710770475825581616e-01 3.746387007179893813e-01 3.782279035473009587e-01 3.818447934704551905e-01 3.854895077383910795e-01 3.891621834419217163e-01 3.928629575005402330e-01 3.965919666511327768e-01 4.003493474366032201e-01 4.041352361944001714e-01 4.079497690449642722e-01 4.117930818800732418e-01 4.156653103511063208e-01 4.195665898572121799e-01 4.234970555333951725e-01 4.274568422385046640e-01 4.314460845431430935e-01
0.000000000000000000e+00 0.000000000000000000e+00 0.000000000000000000e+00 0.000000000000000000e+00 0.000000000000000000e+00 0.000000000000000000e+00 0.000000000000000000e+00 0.000000000000000000e+00 0.000000000000000000e+00 0.000000000000000000e+00 0.000000000000000000e+00 0.000000000000000000e+00 0.000000000000000000e+00 0.000000000000000000e+00 0.000000000000000000e+00 0.000000000000000000e+00 3.600441471670822735e-01 3.635254143438142460e-01 3.670339026953307604e-01 3.705697512440960240e-01 3.741330989061671941e-01 3.777240844803728126e-01 3.813428466374001458e-01 3.849895239087854359e-01 3.886642546758157790e-01 3.923671771583322476e-01 3.960984294034456399e-01 3.998581492741563603e-01 4.036464744378826519e-01 4.074635423548999547e-01 4.113094902666835084e-01 4.151844551841653019e-01 4.190885738758982626e-01 4.230219828561287976e-01 4.269848183727808499e-01 4.309772163953516921e-01 4.349993126027165147e-01
0.000000000000000000e+00 0.000000000000000000e+00 0.000000000000000000e+00 0.000000000000000000e+00 0.000000000000000000e+00 0.000000000000000000e+00 0.000000000000000000e+00 0.000000000000000000e+00 0.000000000000000000e+00 0.000000000000000000e+00 0.000000000000000000e+00 0.000000000000000000e+00 0.000000000000000000e+00 0.000000000000000000e+00 0.000000000000000000e+00 3.595203957856373811e-01 3.630029671804247959e-01 3.665128431904774997e-01 3.700501640772059786e-01 3.736150700055524410e-01 3.772077010331775226e-01 3.808281970995500143e-01 3.844766980149431634e-01 3.881533434493378842e-01 3.918582729212286009e-01 3.955916257863397179e-01 3.993535412262430584e-01 4.031441582368897047e-01 4.069636156170388097e-01 4.108120519566065276e-01 4.146896056249095852e-01 4.185964147588276396e-01 4.225326172508677147e-01 4.264983507371429838e-01 4.304937525852529090e-01 4.345189598820846655e-01 4.385741094215132585e-01
0.000000000000000000e+00 0.000000000000000000e+00 0.000000000000000000e+00 0.000000000000000000e+00 0.000000000000000000e+00 0.000000000000000000e+00 0.000000000000000000e+00 0.000000000000000000e+00 0.000000000000000000e+00 0.000000000000000000e+00 0.000000000000000000e+00 0.000000000000000000e+00 0.000000000000000000e+00 0.000000000000000000e+00 3.589848102112634387e-01 3.624685525366352912e-01 3.659796818838746413e-01 3.695183397510222179e-01 3.730846675496670151e-01 3.766788065941385488e-01 3.803008980906051884e-01 3.839510831260740664e-01 3.876295026572977864e-01 3.913362974995855947e-01 3.950716083155187963e-01 3.988355756035723565e-01 4.026283396866430220e-01 4.064500407004817961e-01 4.103008185820342102e-01 4.141808130576854485e-01 4.180901636314174330e-01 4.220290095728654323e-01 4.259974899052909603e-01 4.299957433934548656e-01 4.340239085314081535e-01 4.380821235301823324e-01 4.421705263053971047e-01
0.000000000000000000e+00 0.000000000000000000e+00 0.000000000000000000e+00 0.000000000000000000e+00 0.000000000000000000e+00 0.000000000000000000e+00 0.000000000000000000e+00 0.000000000000000000e+00 0.000000000000000000e+00 0.000000000000000000e+00 0.000000000000000000e+00 0.000000000000000000e+00 0.000000000000000000e+00 0.000000000000000000e+00 3.619222255052705894e-01 3.654344737665367049e-01 3.689743331456620812e-01 3.725419462985026242e-01 3.761374557937574026e-01 3.797610041020688110e-01 3.834127335850333607e-01 3.870927864841111621e-01 3.908013049094428148e-01 3.945384308285665997e-01 3.983043060550440773e-01 4.020990722369886528e-01 4.059228708454964973e-01 4.097758431629889841e-01 4.136581302714539277e-01 4.175698730405966175e-01 4.215112121158982039e-01 4.254822879065767727e-01 4.294832405734596015e-01 4.335142100167601598e-01 4.375753358637637924e-01 4.416667574564238641e-01 4.457886138388616470e-01
0.000000000000000000e+00 0.000000000000000000e+00 0.000000000000000000e+00 0.000000000000000000e+00 0.000000000000000000e+00 0.000000000000000000e+00 0.000000000000000000e+00 0.000000000000000000e+00 0.000000000000000000e+00 0.000000000000000000e+00 0.000000000000000000e+00 0.000000000000000000e+00 0.000000000000000000e+00 3.613640423500481536e-01 3.648772750156358269e-01 3.684182003427839969e-01 3.719869622290993827e-01 3.755837044952070047e-01 3.792085708738598959e-01 3.828617049989564980e-01 3.865432503944573051e-01 3.902533504632066386e-01 3.939921484756555570e-01 3.977597875584902853e-01 4.015564106831621127e-01 4.053821606543234202e-01 4.092371800981644547e-01 4.131216114506591763e-01 4.170355969457116285e-01 4.209792786032126033e-01 4.249527982169942764e-01 4.289562973426990777e-01 4.329899172855488643e-01 4.370537990880259960e-01 4.411480835174538817e-01 4.452729110534960899e-01 4.494284218755527638e-01
0.000000000000000000e+00 0.000000000000000000e+00 0.000000000000000000e+00 0.000000000000000000e+00 0.000000000000000000e+00 0.000000000000000000e+00 0.000000000000000000e+00 0.000000000000000000e+00 0.000000000000000000e+00 0.000000000000000000e+00 0.000000000000000000e+00 0.000000000000000000e+00 3.607940604959260500e-01 3.643081429848595842e-01 3.678499986159579627e-01 3.714197725259246186e-01 3.750176097847277568e-01 3.786436553847255526e-01 3.822980542296888773e-01 3.859809511237286550e-01 3.896924907601216348e-01 3.934328177100420709e-01 3.972020764111918734e-01 4.010004111563385543e-01 4.048279660817473702e-01 4.086848851555274220e-01 4.125713121658709515e-01 4.164873907092054295e-01 4.204332641782406732e-01 4.244090757499291988e-01 4.284149683733254332e-01 4.324510847573515004e-01 4.365175673584701932e-01 4.406145583682624101e-01 4.447421997009108341e-01 4.489006329805910189e-01 4.530899995287725468e-01
0.000000000000000000e+00 0.000000000000000000e+00 0.000000000000000000e+00 0.000000000000000000e+00 0.000000000000000000e+00 0.000000000000000000e+00 0.000000000000000000e+00 0.000000000000000000e+00 0.000000000000000000e+00 0.000000000000000000e+00 0.000000000000000000e+00 3.602123385192561589e-01 3.637271361945704218e-01 3.672697864208363527e-01 3.708404355710565592e-01 3.744392299618217734e-01 3.780663158424479864e-01 3.817218393840086654e-01 3.854059466682702717e-01 3.891187836765276908e-01 3.928604962783434074e-01 3.966312302201824291e-01 4.004311311139540086e-01 4.042603444254516121e-01 4.081190154626990196e-01 4.120072893641923972e-01 4.159253110870517745e-01 4.198732253950698823e-01 4.238511768466695639e-01 4.278593097827599889e-01 4.318977683145003299e-01 4.359666963109642968e-01 4.400662373867150201e-01 4.441965348892800147e-01 4.483577318865331618e-01 4.525499711539850423e-01 4.567733951619766808e-01
0.000000000000000000e+00 0.000000000000000000e+00 0.000000000000000000e+00 0.000000000000000000e+00 0.000000000000000000e+00 0.000000000000000000e+00 0.000000000000000000e+00 0.000000000000000000e+00 0.000000000000000000e+00 0.000000000000000000e+00 3.596189361377553628e-01 3.631343143217826142e-01 3.666776233851309352e-01 3.702490109341670665e-01 3.738486245292453880e-01 3.774766116738493826e-01 3.811331198036425061e-01 3.848182962754106984e-01 3.885322883559088614e-01 3.922752432106053622e-01 3.960473078923287260e-01 3.998486293298127436e-01 4.036793543161438791e-01 4.075396294971071476e-01 4.114296013594372359e-01 4.153494162189682037e-01 4.192992202086838760e-01 4.232791592666759195e-01 4.272893791239973926e-01 4.313300252924238132e-01 4.354012430521170263e-01 4.395031774391917612e-01 4.436359732331847106e-01 4.477997749444321274e-01 4.519947268013481123e-01 4.562209727376119739e-01 4.604786563792566678e-01
0.000000000000000000e+00 0.000000000000000000e+00 0.000000000000000000e+00 0.000000000000000000e+00 0.000000000000000000e+00 0.000000000000000000e+00 0.000000000000000000e+00 0.000000000000000000e+00 0.000000000000000000e+00 3.590139142002891082e-01 3.625297381899461602e-01 3.660735702984033724e-01 3.696455593623206304e-01 3.732458541828113097e-01 3.768746035146001150e-01 3.805319560550849967e-01 3.842180604332910976e-01 3.879330651987304424e-01 3.916771188101527135e-01 3.954503696242039346e-01 3.992529658839760187e-01 4.030850557074641682e-01 4.069467870759148620e-01 4.108383078220852469e-01 4.147597656183920067e-01 4.187113079649671943e-01 4.226930821776155311e-01 4.267052353756694005e-01 4.307479144697475282e-01 4.348212661494174625e-01 4.389254368707573573e-01 4.430605728438218871e-01 4.472268200200130717e-01 4.514243240793519019e-01 4.556532304176565407e-01 4.599136841336228243e-01 4.642058300158128370e-01
0.000000000000000000e+00 0.000000000000000000e+00 0.000000000000000000e+00 0.000000000000000000e+00 0.000000000000000000e+00 0.000000000000000000e+00 0.000000000000000000e+00 0.000000000000000000e+00 0.000000000000000000e+00 3.619134697585507654e-01 3.654576891016683704e-01 3.690301427695726333e-01 3.726309808009944380e-01 3.762603531988299443e-01 3.799184099192141617e-01 3.836053008604900505e-01 3.873211758520780368e-01 3.910661846432397781e-01 3.948404768917458951e-01 3.986442021524347346e-01 4.024775098656766525e-01 4.063405493457319384e-01 4.102334697690107057e-01 4.141564201622315866e-01 4.181095493904804505e-01 4.220930061451647064e-01 4.261069389318780098e-01 4.301514960581522273e-01 4.342268256211230804e-01 4.383330754950864327e-01 4.424703933189662042e-01 4.466389264836732043e-01 4.508388221193784240e-01 4.550702270826783025e-01 4.593332879436725080e-01 4.636281509729389683e-01 4.679549621284159189e-01
