upland/rainfall_series/rainfall_2.asc
ncols 76
nrows 55
xllcorner 0.0
yllcorner 0.0
cellsize 10.0
[rows 0 to 16 of 55, columns 37 to 73 of 76]
0.000000000000000000e+00 0.000000000000000000e+00 0.000000000000000000e+00 0.000000000000000000e+00 0.000000000000000000e+00 0.000000000000000000e+00 0.000000000000000000e+00 0.000000000000000000e+00 0.000000000000000000e+00 0.000000000000000000e+00 0.000000000000000000e+00 0.000000000000000000e+00 0.000000000000000000e+00 0.000000000000000000e+00 0.000000000000000000e+00 0.000000000000000000e+00 0.000000000000000000e+00 0.000000000000000000e+00 0.000000000000000000e+00 0.000000000000000000e+00 0.000000000000000000e+00 0.000000000000000000e+00 0.000000000000000000e+00 0.000000000000000000e+00 0.000000000000000000e+00 0.000000000000000000e+00 0.000000000000000000e+00 0.000000000000000000e+00 0.000000000000000000e+00 0.000000000000000000e+00 0.000000000000000000e+00 0.000000000000000000e+00 0.000000000000000000e+00 0.000000000000000000e+00 0.000000000000000000e+00 0.000000000000000000e+00 0.000000000000000000e+00
0.000000000000000000e+00 0.000000000000000000e+00 0.000000000000000000e+00 0.000000000000000000e+00 0.000000000000000000e+00 0.000000000000000000e+00 0.000000000000000000e+00 0.000000000000000000e+00 0.000000000000000000e+00 0.000000000000000000e+00 0.000000000000000000e+00 0.000000000000000000e+00 0.000000000000000000e+00 0.000000000000000000e+00 0.000000000000000000e+00 0.000000000000000000e+00 0.000000000000000000e+00 0.000000000000000000e+00 0.000000000000000000e+00 0.000000000000000000e+00 0.000000000000000000e+00 0.000000000000000000e+00 0.000000000000000000e+00 0.000000000000000000e+00 0.000000000000000000e+00 0.000000000000000000e+00 0.000000000000000000e+00 0.000000000000000000e+00 0.000000000000000000e+00 0.000000000000000000e+00 0.000000000000000000e+00 0.000000000000000000e+00 0.000000000000000000e+00 0.000000000000000000e+00 0.000000000000000000e+00 0.000000000000000000e+00 0.000000000000000000e+00
2.293806585363111494e-01 2.331145183993296732e-01 0.000000000000000000e+00 2.407436454106272328e-01 2.446401957643586922e-01 0.000000000000000000e+00 2.526005186795716728e-01 2.566656068780966415e-01 2.607881990295461416e-01 2.649689665128953098e-01 0.000000000000000000e+00 0.000000000000000000e+00 0.000000000000000000e+00 0.000000000000000000e+00 0.000000000000000000e+00 0.000000000000000000e+00 0.000000000000000000e+00 0.000000000000000000e+00 0.000000000000000000e+00 0.000000000000000000e+00 0.000000000000000000e+00 0.000000000000000000e+00 0.000000000000000000e+00 0.000000000000000000e+00 0.000000000000000000e+00 0.000000000000000000e+00 0.000000000000000000e+00 0.000000000000000000e+00 0.000000000000000000e+00 0.000000000000000000e+00 0.000000000000000000e+00 0.000000000000000000e+00 0.000000000000000000e+00 0.000000000000000000e+00 0.000000000000000000e+00 0.000000000000000000e+00 0.000000000000000000e+00
2.289482049345399339e-01 2.326750253149945102e-01 2.364553341223837313e-01 2.402897690584285262e-01 2.441789732076206643e-01 2.481235950458070549e-01 2.521242884480893731e-01 2.561817126960260760e-01 2.602965324841216566e-01 2.644694179255938082e-01 2.687010445574051776e-01 2.729920933445443287e-01 0.000000000000000000e+00 0.000000000000000000e+00 0.000000000000000000e+00 0.000000000000000000e+00 0.000000000000000000e+00 0.000000000000000000e+00 0.000000000000000000e+00 0.000000000000000000e+00 0.000000000000000000e+00 0.000000000000000000e+00 0.000000000000000000e+00 0.000000000000000000e+00 0.000000000000000000e+00 0.000000000000000000e+00 0.000000000000000000e+00 0.000000000000000000e+00 0.000000000000000000e+00 0.000000000000000000e+00 0.000000000000000000e+00 0.000000000000000000e+00 0.000000000000000000e+00 0.000000000000000000e+00 0.000000000000000000e+00 0.000000000000000000e+00 0.000000000000000000e+00
2.285096310263295127e-01 2.322293122978317803e-01 2.360023795336682606e-01 2.398294692139766315e-01 2.437112231913534377e-01 2.476482886994236798e-01 2.516413183607238979e-01 2.556909701938901991e-01 2.597979076201362147e-01 2.639627994690090795e-01 2.681863199834105260e-01 2.724691488238702997e-01 2.768119710720592375e-01 0.000000000000000000e+00 2.856803632396736070e-01 2.902073304488690941e-01 0.000000000000000000e+00 0.000000000000000000e+00 0.000000000000000000e+00 0.000000000000000000e+00 0.000000000000000000e+00 0.000000000000000000e+00 0.000000000000000000e+00 0.000000000000000000e+00 0.000000000000000000e+00 0.000000000000000000e+00 0.000000000000000000e+00 0.000000000000000000e+00 0.000000000000000000e+00 0.000000000000000000e+00 0.000000000000000000e+00 0.000000000000000000e+00 0.000000000000000000e+00 0.000000000000000000e+00 0.000000000000000000e+00 0.000000000000000000e+00 0.000000000000000000e+00
2.280649751322246233e-01 2.317774182921683856e-01 2.355431435329312928e-01 2.393627860961270171e-01 2.432369865853740154e-01 2.471663909748481325e-01 2.511516506171506680e-01 2.551934222504819161e-01 2.592923680051075208e-01 2.634491554091014098e-01 2.676644573933598670e-01 2.719389522958635674e-01 2.762733238651859380e-01 2.806682612632285800e-01 2.851244590671710988e-01 2.896426172706239033e-01 2.942234412839727087e-01 2.988676419338980872e-01 0.000000000000000000e+00 0.000000000000000000e+00 0.000000000000000000e+00 0.000000000000000000e+00 0.000000000000000000e+00 0.000000000000000000e+00 0.000000000000000000e+00 0.000000000000000000e+00 0.000000000000000000e+00 0.000000000000000000e+00 0.000000000000000000e+00 0.000000000000000000e+00 0.000000000000000000e+00 0.000000000000000000e+00 0.000000000000000000e+00 0.000000000000000000e+00 0.000000000000000000e+00 0.000000000000000000e+00 0.000000000000000000e+00
2.276142760520225294e-01 2.313193827293846816e-01 2.350776661922012734e-01 2.388897604267289088e-01 2.427563047706341459e-01 2.466779439215263936e-01 2.506553279448121563e-01 2.546891122808548347e-01 2.587799577514259819e-01 2.629285305654398552e-01 2.671355023239545545e-01 2.714015500244281176e-01 2.757273560642192201e-01 2.801136082433165475e-01 2.845609997662843504e-01 2.890702292434157439e-01 2.936420006910727687e-01 2.982770235312096063e-01 3.029760125900581857e-01 0.000000000000000000e+00 0.000000000000000000e+00 0.000000000000000000e+00 0.000000000000000000e+00 0.000000000000000000e+00 0.000000000000000000e+00 0.000000000000000000e+00 0.000000000000000000e+00 0.000000000000000000e+00 0.000000000000000000e+00 0.000000000000000000e+00 0.000000000000000000e+00 0.000000000000000000e+00 0.000000000000000000e+00 0.000000000000000000e+00 0.000000000000000000e+00 0.000000000000000000e+00 0.000000000000000000e+00
2.271575730591347542e-01 2.308552455221856425e-01 2.346059880726506230e-01 2.384104334247081902e-01 2.422692196332072445e-01 2.461829901021857503e-01 2.501523935927089659e-01 2.541780842300132015e-01 2.582607215099461673e-01 2.624009703046881192e-01 2.665995008677451983e-01 2.708569888381949786e-01 2.751741152441806726e-01 2.795515665056353960e-01 2.839900344362244478e-01 2.884902162444945017e-01 2.930528145342145008e-01 2.976785373038992044e-01 3.023680979454976270e-01 3.071222152422372620e-01 3.119416133656084389e-01 3.168270218714791531e-01 3.217791756953237714e-01 0.000000000000000000e+00 0.000000000000000000e+00 0.000000000000000000e+00 0.000000000000000000e+00 0.000000000000000000e+00 0.000000000000000000e+00 0.000000000000000000e+00 0.000000000000000000e+00 0.000000000000000000e+00 0.000000000000000000e+00 0.000000000000000000e+00 0.000000000000000000e+00 0.000000000000000000e+00 0.000000000000000000e+00
2.266949058948887208e-01 2.303850470588076904e-01 2.341281502187112229e-01 2.379248468000856875e-01 2.417757735582107825e-01 2.456815725866603461e-01 2.496428913251234616e-01 2.536603825665358358e-01 2.577347044635057149e-01 2.618665205340233171e-01 2.660564996664437354e-01 2.703053161237248259e-01 2.746136495469144734e-01 2.789821849578673629e-01 2.834116127611853164e-01 2.879026287453631539e-01 2.924559340831299759e-01 2.970722353309714348e-01 3.017522444278232241e-01 3.064966786929183562e-01 3.113062608227787909e-01 3.161817188873362605e-01 3.211237863251725222e-01 0.000000000000000000e+00 0.000000000000000000e+00 0.000000000000000000e+00 0.000000000000000000e+00 0.000000000000000000e+00 0.000000000000000000e+00 0.000000000000000000e+00 0.000000000000000000e+00 0.000000000000000000e+00 0.000000000000000000e+00 0.000000000000000000e+00 0.000000000000000000e+00 0.000000000000000000e+00 0.000000000000000000e+00
2.262263147627686100e-01 2.299088281971677361e-01 2.336441941521243126e-01 2.374330427479326155e-01 2.412760094236632014e-01 2.451737349456466208e-01 2.491268654152778705e-01 2.531360522761323395e-01 2.572019523203799563e-01 2.613252276944820762e-01 2.655065459041634490e-01 2.697465798186433061e-01 2.740460076741123574e-01 2.784055130764472863e-01 2.828257850031441478e-01 2.873075178044640077e-01 2.918514112037721708e-01 2.964581702970627841e-01 3.011285055516537690e-01 3.058631328040381514e-01 3.106627732568837397e-01 3.155281534751612216e-01 3.204600053813931870e-01 3.254590662500091436e-01 0.000000000000000000e+00 0.000000000000000000e+00 0.000000000000000000e+00 0.000000000000000000e+00 0.000000000000000000e+00 0.000000000000000000e+00 0.000000000000000000e+00 0.000000000000000000e+00 0.000000000000000000e+00 0.000000000000000000e+00 0.000000000000000000e+00 0.000000000000000000e+00 0.000000000000000000e+00
2.257518403225975967e-01 2.294266302589499373e-01 2.331541618659343229e-01 2.369350639422657945e-01 2.407699705942812352e-01 2.446595212444024892e-01 2.486043606389281568e-01 2.526051388551328047e-01 2.566625113076663189e-01 2.607771387542412445e-01 2.649496873005932618e-01 2.691808284047032540e-01 2.734712388802669758e-01 2.778216008994045527e-01 2.822326019945891051e-01 2.867049350597901114e-01 2.912392983508123034e-01 2.958363954848207689e-01 3.004969354390389369e-01 3.052216325486044601e-01 3.100112065035747766e-01 3.148663823450638111e-01 3.197878904605008232e-01 3.247764665779971360e-01 3.298328517598079213e-01 0.000000000000000000e+00 0.000000000000000000e+00 0.000000000000000000e+00 0.000000000000000000e+00 0.000000000000000000e+00 0.000000000000000000e+00 0.000000000000000000e+00 0.000000000000000000e+00 0.000000000000000000e+00 0.000000000000000000e+00 0.000000000000000000e+00 0.000000000000000000e+00
2.252715236846649927e-01 2.289384950236370841e-01 2.326580958184219228e-01 2.364309535298834697e-01 2.402577009152135068e-01 2.441389760363792683e-01 2.480754222678972498e-01 2.520676883039167926e-01 2.561164281646076679e-01 2.602223012018333170e-01 2.643859721041029731e-01 2.686081109007815160e-01 2.728893929655558104e-01 2.772304990191345464e-01 2.816321151311760307e-01 2.860949327214268867e-01 2.906196485600606727e-01 2.952069647672048713e-01 2.998575888116407628e-01 3.045722335086651356e-01 3.093516170170995672e-01 3.141964628354380618e-01 3.191074997971155569e-01 3.240854620648846440e-01 3.291310891242933967e-01 0.000000000000000000e+00 0.000000000000000000e+00 0.000000000000000000e+00 0.000000000000000000e+00 0.000000000000000000e+00 0.000000000000000000e+00 0.000000000000000000e+00 0.000000000000000000e+00 0.000000000000000000e+00 0.000000000000000000e+00 0.000000000000000000e+00 0.000000000000000000e+00
2.247854064037943522e-01 2.284444647224823932e-01 2.321560389269789193e-01 2.359207551241389589e-01 2.397392447057165865e-01 2.436121443567950129e-01 2.475400960635409930e-01 2.515237471202758091e-01 2.555637501358482000e-01 2.596607630392950283e-01 2.638154490847820499e-01 2.680284768558072739e-01 2.723005202686563098e-01 2.766322585750993768e-01 2.810243763643135440e-01 2.854775635640179887e-01 2.899925154408148908e-01 2.945699325997147011e-01 2.992105209828390677e-01 3.039149918672884865e-01 3.086840618621577437e-01 3.135184529046911583e-01 3.184188922555608037e-01 3.233861124932573272e-01 3.284208515075804913e-01 3.335238524922140013e-01 0.000000000000000000e+00 0.000000000000000000e+00 0.000000000000000000e+00 0.000000000000000000e+00 0.000000000000000000e+00 0.000000000000000000e+00 0.000000000000000000e+00 0.000000000000000000e+00 0.000000000000000000e+00 0.000000000000000000e+00 0.000000000000000000e+00
2.242935304733594259e-01 2.279445820324280669e-01 2.316480345619260917e-01 2.354045127986598707e-01 2.392146467527713483e-01 2.430790717161472603e-01 2.469984282701588318e-01 2.509733622927170504e-01 2.550045249646299972e-01 2.590925727752526053e-01 2.632381675274171329e-01 2.674419763416249207e-01 2.717046716594966882e-01 2.760269312464627700e-01 2.804094381936797498e-01 2.848528809191664957e-01 2.893579531681405581e-01 2.939253540125469355e-01 2.985557878497634987e-01 3.032499644004726935e-01 3.080085987056833674e-01 3.128324111228951154e-01 3.177221273213864938e-01 3.226784782766186077e-01 3.277022002637388631e-01 3.327940348501729484e-01 3.379547288872922217e-01 0.000000000000000000e+00 0.000000000000000000e+00 0.000000000000000000e+00 0.000000000000000000e+00 0.000000000000000000e+00 0.000000000000000000e+00 0.000000000000000000e+00 0.000000000000000000e+00 0.000000000000000000e+00 0.000000000000000000e+00
2.237959383192445473e-01 2.274388900699672866e-01 2.311341265402774847e-01 2.348822710810116177e-01 2.386839523046421774e-01 2.425398040936695976e-01 2.464504656083446321e-01 2.504165812937059754e-01 2.544388008859265193e-01 2.585177794179485677e-01 2.626541772244033734e-01 2.668486599457943198e-01 2.711018985319402219e-01 2.754145692446574589e-01 2.797873536596743871e-01 2.842209386677639893e-01 2.887160164750790514e-01 2.932732846026831486e-01 2.978934458852581235e-01 3.025772084689804520e-01 3.073252858085506745e-01 3.121383966633648477e-01 3.170172650928144154e-01 3.219626204507004541e-01 3.269751973787546340e-01 3.320557357992453551e-01 3.372049809066642867e-01 3.424236831584772656e-01 0.000000000000000000e+00 0.000000000000000000e+00 0.000000000000000000e+00 0.000000000000000000e+00 0.000000000000000000e+00 0.000000000000000000e+00 0.000000000000000000e+00 0.000000000000000000e+00 0.000000000000000000e+00
2.232926727937537270e-01 2.269274323849539143e-01 2.306143591194487474e-01 2.343540749463012551e-01 2.381472070643800010e-01 2.419943879307296652e-01 2.458962552682759650e-01 2.498534520728502573e-01 2.538666266195174215e-01 2.579364324682023590e-01 2.620635284685949307e-01 2.662485787643270596e-01 2.704922527964058743e-01 2.747952253058900673e-01 2.791581763358017554e-01 2.835817912322546319e-01 2.880667606447890328e-01 2.926137805259045321e-01 2.972235521297695304e-01 3.018967820101029487e-01 3.066341820172102106e-01 3.114364692941623547e-01 3.163043662721081173e-01 3.212386006647006687e-01 3.262399054616308414e-01 3.313090189212524739e-01 3.364466845622862690e-01 3.416536511545923416e-01 3.469306727089927489e-01 3.522785084661388399e-01 0.000000000000000000e+00 0.000000000000000000e+00 0.000000000000000000e+00 0.000000000000000000e+00 0.000000000000000000e+00 0.000000000000000000e+00 0.000000000000000000e+00
2.227837771694673452e-01 2.264102529543600972e-01 2.300887769909122638e-01 2.338199698107332747e-01 2.376044571832721108e-01 2.414428701241708719e-01 2.453358449029524047e-01 2.492840230500262544e-01 2.532880513630049180e-01 2.573485819123160212e-01 2.614662720460971257e-01 2.656417843943624235e-01 2.698757868724270259e-01 2.741689526835809909e-01 2.785219603209920791e-01 2.829354935688346839e-01 2.874102415026229540e-01 2.919468984887448881e-01 2.965461641831735884e-01 3.012087435293553384e-01 3.059353467552515804e-01 3.107266893695275201e-01 3.155834921568733686e-01 3.205064811724451235e-01 3.254963877354113966e-01 3.305539484215975210e-01 3.356799050552061736e-01 3.408750046996114058e-01 3.461399996472062091e-01 3.514756474082922355e-01 0.000000000000000000e+00 0.000000000000000000e+00 0.000000000000000000e+00 0.000000000000000000e+00 0.000000000000000000e+00 0.000000000000000000e+00 0.000000000000000000e+00
