upland/rainfall_series/rainfall_5.asc
ncols 76
nrows 55
xllcorner 0.0
yllcorner 0.0
cellsize 10.0
[rows 17 to 33 of 55, columns 37 to 73 of 76]
3.754635983833651305e-07 3.631241178694141953e-07 3.511711130055120683e-07 3.395931380130697580e-07 3.283790641303360027e-07 3.175180715361674526e-07 3.069996414578347058e-07 2.968135484593346134e-07 2.869498529066990642e-07 2.773988936068371048e-07 2.681512806165298846e-07 2.591978882182172402e-07 2.505298480592616396e-07 2.421385424514564657e-07 2.340155978275662142e-07 2.261528783517272891e-07 2.185424796806224618e-07 2.111767228723583950e-07 2.040481484400314284e-07 1.971495105470153972e-07 1.904737713410678270e-07 1.840140954243543180e-07 1.777638444565919913e-07 1.717165718885207341e-07 1.658660178229638905e-07 1.602061040007950252e-07 1.547309289091711134e-07 1.494347630094156728e-07 1.443120440820143121e-07 1.393573726862008669e-07 1.345655077316600193e-07 1.299313621599335220e-07 1.254499987331335859e-07 1.211166259276234749e-07 1.169265939303704987e-07 1.128753907357046626e-07 1.089586383402633260e-07
3.802380627910549020e-07 3.677416711656762127e-07 3.556366696860339147e-07 3.439114670269075781e-07 3.325547929111589684e-07 3.215556899308002782e-07 3.109035055544471939e-07 3.005878843175667015e-07 2.905987601919692939e-07 2.809263491310497670e-07 2.715611417873404055e-07 2.624938963989699496e-07 2.537156318416920390e-07 2.452176208431889700e-07 2.369913833563969946e-07 2.290286800886623626e-07 2.213215061835806100e-07 2.138620850524149581e-07 2.066428623520497977e-07 1.996565001064642181e-07 1.928958709687864562e-07 1.863540526210027933e-07 1.800243223084701836e-07 1.739001515064178983e-07 1.679752007156614768e-07 1.622433143848105684e-07 1.566985159562946455e-07 1.513350030335668925e-07 1.461471426669030305e-07 1.411294667552508549e-07 1.362766675616242491e-07 1.315835933395908625e-07 1.270452440684335078e-07 1.226567672946179507e-07 1.184134540772309376e-07 1.143107350351042633e-07 1.103441764933779000e-07
3.850523444453243986e-07 3.723977331285634099e-07 3.601394674382834009e-07 3.482658092888246546e-07 3.367653457074780942e-07 3.256269805519887550e-07 3.148399264168198064e-07 3.043936967245191621e-07 2.942780979985961963e-07 2.844832223143794597e-07 2.749994399243622815e-07 2.658173920546001108e-07 2.569279838687643194e-07 2.483223775965330475e-07 2.399919858230149255e-07 2.319284649359738681e-07 2.241237087276757896e-07 2.165698421482043181e-07 2.092592152071659620e-07 2.021843970207364418e-07 1.953381700010635357e-07 1.887135241850718538e-07 1.823036516997737220e-07 1.761019413612439037e-07 1.701019734044389141e-07 1.642975143411153521e-07 1.586825119431304152e-07 1.532510903484599139e-07 1.479975452873054131e-07 1.429163394257286520e-07 1.380020978242634857e-07 1.332496035090298176e-07 1.286537931528973601e-07 1.242097528643005598e-07 1.199127140813402212e-07 1.157580495688627108e-07 1.117412695162285617e-07
3.899064216867364248e-07 3.770922828104688807e-07 3.646794860041867205e-07 3.526561452086488067e-07 3.410107035760289546e-07 3.297319250830082462e-07 3.188088863350075289e-07 3.082309685578544883e-07 2.979878497732507819e-07 2.880694971544638031e-07 2.784661595587039060e-07 2.691683602327121387e-07 2.601668896881166729e-07 2.514527987431981729e-07 2.430173917277182191e-07 2.348522198475380349e-07 2.269490747058075740e-07 2.192999819775361296e-07 2.118971952344163424e-07 2.047331899168313821e-07 1.978006574500027029e-07 1.910924995013057147e-07 1.846018223758071481e-07 1.783219315471534407e-07 1.722463263209525204e-07 1.663686946278698168e-07 1.606829079436866497e-07 1.551830163336230631e-07 1.498632436182655788e-07 1.447179826584988717e-07 1.397417907568719950e-07 1.349293851728762452e-07 1.302756387496678650e-07 1.257755756497935906e-07 1.214243671975331626e-07 1.172173278255160258e-07 1.131499111232977145e-07
3.948002660629670267e-07 3.818252926941452935e-07 3.692566987722862588e-07 3.570824490522910579e-07 3.452908416325157358e-07 3.338704994626010303e-07 3.228103620448297544e-07 3.120996773252850454e-07 3.017279937711086872e-07 2.916851526302426232e-07 2.819612803700811381e-07 2.725467812915025357e-07 2.634323303148026060e-07 2.546088659341245973e-07 2.460675833369978281e-07 2.377999276856760015e-07 2.297975875570072132e-07 2.220524885376118965e-07 2.145567869712009345e-07 2.073028638549215962e-07 2.002833188816584990e-07 1.934909646252673838e-07 1.869188208657720589e-07 1.805601090516057687e-07 1.744082468960118347e-07 1.684568431047874490e-07 1.626996922325809955e-07 1.571307696650139463e-07 1.517442267239354338e-07 1.465343858931751737e-07 1.414957361621863553e-07 1.366229284850383779e-07 1.319107713522471336e-07 1.273542264729789255e-07 1.229484045652083369e-07 1.186885612514598959e-07 1.145700930577894774e-07
3.997338422494009175e-07 3.865967286159058431e-07 3.738710727034648560e-07 3.615446888699229065e-07 3.496057289821603052e-07 3.380426738178186054e-07 3.268443246629411845e-07 3.159997951018012055e-07 3.054985029951627522e-07 2.953301626432884794e-07 2.854847771301064876e-07 2.759526308449430959e-07 2.667242821783066994e-07 2.577905563882714718e-07 2.491425386340410214e-07 2.407715671733212825e-07 2.326692267202143833e-07 2.248273419603617452e-07 2.172379712201241729e-07 2.098934002866539296e-07 2.027861363757498940e-07 1.959089022444205678e-07 1.892546304451720000e-07 1.828164577190474112e-07 1.765877195244994298e-07 1.705619446992496243e-07 1.647328502523137858e-07 1.590943362834099810e-07 1.536404810270528981e-07 1.483655360186436229e-07 1.432639213799244354e-07 1.383302212212265328e-07 1.335591791579644706e-07 1.289456939388810113e-07 1.244848151835996422e-07 1.201717392270766211e-07 1.160018050685843002e-07
4.047071079705784365e-07 3.914065496896623889e-07 3.785225682574895212e-07 3.660428264249319666e-07 3.539553286510061975e-07 3.422484123976020242e-07 3.309107396226057152e-07 3.199312884675758920e-07 3.092993451361920485e-07 2.990044959597737381e-07 2.890366196461913409e-07 2.793858797085552851e-07 2.700427170701300504e-07 2.609978428419646477e-07 2.522422312697792862e-07 2.437671128467096695e-07 2.355639675885613367e-07 2.276245184682674745e-07 2.199407250063125186e-07 2.125047770139110018e-07 2.053090884858145596e-07 1.983462916396313895e-07 1.916092310986237746e-07 1.850909582149898058e-07 1.787847255306710160e-07 1.726839813727946024e-07 1.667823645809018269e-07 1.610736993631516882e-07 1.555519902787524870e-07 1.502114173439112301e-07 1.450463312586346782e-07 1.400512487517734391e-07 1.352208480417323817e-07 1.305499644103300660e-07 1.260335858873156692e-07 1.216668490431212115e-07 1.174450348874452942e-07
4.097200139225794846e-07 3.962547082318504372e-07 3.832111393203998514e-07 3.705768171237232652e-07 3.583395975180262776e-07 3.464876735071346699e-07 3.350095666102356695e-07 3.238941184466012247e-07 3.131304825134381797e-07 3.027081161531230531e-07 2.926167727061073898e-07 2.828464938458238660e-07 2.733876020920007729e-07 2.642306934988328998e-07 2.553666305145051705e-07 2.467865350086266920e-07 2.384817814641889880e-07 2.304439903307040681e-07 2.226650215352277703e-07 2.151369681480470844e-07 2.078521501998318165e-07 2.008031086471298327e-07 1.939825994831060871e-07 1.873835879905090686e-07 1.809992431338677866e-07 1.748229320879917625e-07 1.688482148998868631e-07 1.630688392812457105e-07 1.574787355287291310e-07 1.520720115692949735e-07 1.468429481278775534e-07 1.417859940147698736e-07 1.368957615301122252e-07 1.321670219829235993e-07 1.275947013221663339e-07 1.231738758773862785e-07 1.188997682064934289e-07
4.147725036963484609e-07 4.011411496872776527e-07 3.879367331328040450e-07 3.751466099463586266e-07 3.627584862480717181e-07 3.507604094430037903e-07 3.391407595026898659e-07 3.278882404460817239e-07 3.169918720160111952e-07 3.064409815473669790e-07 2.962251960232320923e-07 2.863344343152696211e-07 2.767588996047116187e-07 2.674890719803664020e-07 2.585157012100855958e-07 2.498297996822201019e-07 2.414226355136225449e-07 2.332857258208142570e-07 2.254108301510000321e-07 2.177899440696306896e-07 2.104152929013230167e-07 2.032793256209301456e-07 1.963747088916611638e-07 1.896943212471786971e-07 1.832312474146410282e-07 1.769787727757298258e-07 1.709303779627389188e-07 1.650797335868496027e-07 1.594206950957697676e-07 1.539472977579643763e-07 1.486537517707437591e-07 1.435344374895342384e-07 1.385839007756947206e-07 1.337968484602904568e-07 1.291681439212852036e-07 1.246928027716523751e-07 1.203659886559544277e-07
4.198645137020009103e-07 4.060658125559184014e-07 3.926992902190826709e-07 3.797521473781067745e-07 3.672119392256648337e-07 3.550665664291919646e-07 3.433042663053889679e-07 3.319136041965903215e-07 3.208834650450357043e-07 3.102030451612161444e-07 2.998618441824864245e-07 2.898496572181928198e-07 2.801565671776138386e-07 2.707729372770975065e-07 2.616894037227860924e-07 2.528968685654152601e-07 2.443864927237093045e-07 2.361496891729396338e-07 2.281781162952894670e-07 2.204636713887036104e-07 2.129984843309564136e-07 2.057749113957331538e-07 1.987855292175559154e-07 1.920231289024550933e-07 1.854807102813181957e-07 1.791514763029191984e-07 1.730288275636638070e-07 1.671063569711475289e-07 1.613778445386605120e-07 1.558372523078460071e-07 1.504787193967285737e-07 1.452965571704171147e-07 1.402852445318102185e-07 1.354394233296781918e-07 1.307538938815580000e-07 1.262236106089311063e-07 1.218436777821968983e-07
4.249959730941703279e-07 4.110286283207143030e-07 3.974987443175610718e-07 3.843933653419156954e-07 3.716998944897144931e-07 3.594060845539394265e-07 3.475000290912734720e-07 3.359701536930607632e-07 3.248052074566035779e-07 3.139942546529090305e-07 3.035266665870194500e-07 2.933921136471374042e-07 2.835805575388041803e-07 2.740822437004591501e-07 2.648876938967382508e-07 2.559876989859429810e-07 2.473733118581710244e-07 2.390358405406264010e-07 2.309668414667198772e-07 2.231581129055747044e-07 2.156016885486710513e-07 2.082898312503411071e-07 2.012150269189377136e-07 1.943699785555302500e-07 1.877476004370190255e-07 1.813410124406361472e-07 1.751435345068369343e-07 1.691486812376352876e-07 1.633501566274923838e-07 1.577418489239166341e-07 1.523178256149737675e-07 1.470723285409673661e-07 1.419997691275858036e-07 1.370947237378671545e-07 1.323519291403733177e-07 1.277662780910237851e-07 1.233328150260640249e-07
4.301668036983995132e-07 4.160295213763861409e-07 4.023350223116686147e-07 3.890701931318405603e-07 3.762222836691293333e-07 3.637788977075022833e-07 3.517279839406188408e-07 3.400578271365888748e-07 3.287570395055092558e-07 3.178145522658265271e-07 3.072196074056378030e-07 2.969617496350764768e-07 2.870308185260092066e-07 2.774169408353144277e-07 2.681105230080660578e-07 2.591022438570052458e-07 2.503830474147528437e-07 2.419441359552309499e-07 2.337769631808696064e-07 2.258732275721749413e-07 2.182248658963396320e-07 2.108240468715799526e-07 2.036631649839841207e-07 1.967348344536722506e-07 1.900318833471425995e-07 1.835473478327177568e-07 1.772744665760685891e-07 1.712066752728273714e-07 1.653376013153690041e-07 1.596610585908812783e-07 1.541710424078892234e-07 1.488617245484593965e-07 1.437274484433512698e-07 1.387627244674292436e-07 1.339622253527006689e-07 1.293207817163911880e-07 1.248333777015158712e-07
4.353769199386470437e-07 4.210684089593197573e-07 4.072080441621342855e-07 3.937825533474689750e-07 3.807790319194252314e-07 3.681849335208443242e-07 3.559880608817572254e-07 3.441765568771346482e-07 3.327388957898559623e-07 3.216638747749347275e-07 3.109406055210322812e-07 3.005585061053671064e-07 2.905072930382139967e-07 2.807769734932031793e-07 2.713578377196990713e-07 2.622404516336113950e-07 2.534156495830345836e-07 2.448745272851420004e-07 2.366084349308805629e-07 2.286089704539908690e-07 2.208679729609881217e-07 2.133775163187728140e-07 2.061299028965811672e-07 1.991176574590668400e-07 1.923335212073393087e-07 1.857704459648286030e-07 1.794215885049308895e-07 1.732803050174028959e-07 1.673401457105449812e-07 1.615948495462679526e-07 1.560383391051687981e-07 1.506647155788064695e-07 1.454682538864164925e-07 1.404433979133416971e-07 1.355847558685127672e-07 1.308870957583612236e-07 1.263453409745902857e-07
4.406262287659233198e-07 4.261452010785434030e-07 4.121177228402288463e-07 3.985303618293815699e-07 3.853700578602983939e-07 3.726241133052771874e-07 3.602801838327266364e-07 3.483262693570945469e-07 3.367507051965041372e-07 3.255421534340553272e-07 3.146895944788064736e-07 3.041823188224806972e-07 2.940099189880416890e-07 2.841622816663163907e-07 2.746295800368910674e-07 2.654022662695894066e-07 2.564710642028840989e-07 2.478269621956415365e-07 2.394612061486689817e-07 2.313652926925864763e-07 2.235309625385931384e-07 2.159501939887602835e-07 2.086151966025332493e-07 2.015184050161803460e-07 1.946524729119836254e-07 1.880102671340059490e-07 1.815848619473433731e-07 1.753695334377998460e-07 1.693577540489925258e-07 1.635431872539372094e-07 1.579196823582137656e-07 1.524812694318637951e-07 1.472221543672270273e-07 1.421367140599643929e-07 1.372194917105612359e-07 1.324651922436724765e-07 1.278686778426916499e-07
4.459146295880878389e-07 4.312598004478486870e-07 4.170639642621278286e-07 4.033135275956572976e-07 3.899952735142419908e-07 3.770963519931125207e-07 3.646042705438765735e-07 3.525068850558212192e-07 3.407923908474319631e-07 3.294493139240059262e-07 3.184665024373483452e-07 3.078331183435489457e-07 2.975386292549176418e-07 2.875728004822329227e-07 2.779256872634755005e-07 2.685876271753067757e-07 2.595492327236066792e-07 2.508013841094269559e-07 2.423352221667800102e-07 2.341421414687540566e-07 2.262137835984726346e-07 2.185420305815011435e-07 2.111189984763316699e-07 2.039370311196549595e-07 1.969886940231670324e-07 1.902667684187154093e-07 1.837642454486489658e-07 1.774743204982809097e-07 1.713903876674250660e-07 1.655060343780304776e-07 1.598150361149755147e-07 1.543113512971368159e-07 1.489891162759113299e-07 1.438426404583992664e-07 1.388664015525185257e-07 1.340550409313725252e-07 1.294033591142228324e-07
4.512420142008869489e-07 4.364121024190726509e-07 4.220466672243857282e-07 4.081319527794902515e-07 3.946545842462156519e-07 3.816015580793234339e-07 3.689602325414691311e-07 3.567183184350918874e-07 3.448638700470193698e-07 3.333852763016408327e-07 3.222712521185685474e-07 3.115108299707459252e-07 3.010933516390434621e-07 2.910084601594311704e-07 2.812460919588687870e-07 2.717964691761258781e-07 2.626500921637932514e-07 2.537977321678153731e-07 2.452304241809039325e-07 2.369394599662896002e-07 2.289163812482932450e-07 2.211529730662664875e-07 2.136412572884978134e-07 2.063734862827663394e-07 1.993421367402266218e-07 1.925399036494143053e-07 1.859596944171882712e-07 1.795946231334801337e-07 1.734380049767843482e-07 1.674833507573683860e-07 1.617243615952343633e-07 1.561549237299139097e-07 1.507691034592335978e-07 1.455611422042386765e-07 1.405254516974959682e-07 1.356566092920823905e-07 1.309493533885673121e-07
4.566082667202058771e-07 4.416019949165940630e-07 4.270657233405894286e-07 4.129855325679239836e-07 3.993478887044064701e-07 3.861396335642617256e-07 3.733479750722936841e-07 3.609604778855577601e-07 3.489650542302767981e-07 3.373499549498063980e-07 3.261037607595202255e-07 3.152153737045248258e-07 3.046740088162005459e-07 2.944691859636078392e-07 2.845907218958569363e-07 2.750287224716025519e-07 2.657735750718937494e-07 2.568159411926440244e-07 2.481467492130592475e-07 2.397571873364278655e-07 2.316386966997089397e-07 2.237829646484408727e-07 2.161819181735112484e-07 2.088277175064406829e-07 2.017127498698197123e-07 1.948296233796522509e-07 1.881711610963830847e-07 1.817303952214425004e-07 1.755005614362056889e-07 1.694750933803091579e-07 1.636476172663240705e-07 1.580119466278230854e-07 1.525620771979633536e-07 1.472921819157153163e-07 1.421966060569488436e-07 1.372698624876321958e-07 1.325066270364323762e-07
