upland/rainfall_series/rainfall_5.asc
ncols 76
nrows 55
xllcorner 0.0
yllcorner 0.0
cellsize 10.0
[rows 17 to 33 of 55, columns 37 to 73 of 76]
5.537861628501861144e-01 5.596263368802836258e-01 5.655187310780295240e-01 5.714636989982895265e-01 5.774615952887315329e-01 5.835127756776836705e-01 5.896175969617818424e-01 5.957764169933897902e-01 6.019895946678106569e-01 6.082574899102669574e-01 6.145804636626681638e-01 6.209588778701492506e-01 6.273930954673891947e-01 6.338834803647024341e-01 6.404303974339073946e-01 6.470342124939677531e-01 6.536952922964048840e-01 6.604140045104854861e-01 6.671907177081745077e-01 6.740258013488665823e-01 6.809196257638767680e-01 6.878725621407101309e-01 6.948849825070869679e-01 7.019572597147494264e-01 7.090897674230206560e-01 7.162828800821354758e-01 7.235369729163384500e-01 7.308524219067407124e-01 7.382296037739405348e-01 7.456688959604103051e-01 7.531706766126411434e-01 7.607353245630549265e-01 7.683632193116648468e-01 7.760547410075142594e-01 7.838102704298562928e-01 7.916301889691048643e-01 7.995148786075432223e-01
5.498692708382051375e-01 5.556681377130479049e-01 5.615188554058306858e-01 5.674217749707497482e-01 5.733772485470745028e-01 5.793856293470909247e-01 5.854472716438351432e-01 5.915625307586066528e-01 5.977317630482656963e-01 6.039553258923094914e-01 6.102335776797281897e-01 6.165668777956440083e-01 6.229555866077235438e-01 6.294000654523681515e-01 6.359006766206821704e-01 6.424577833442178809e-01 6.490717497804867619e-01 6.557429409982558077e-01 6.624717229626052584e-01 6.692584625197693926e-01 6.761035273817355140e-01 6.830072861106220028e-01 6.899701081028237759e-01 6.969923635729290412e-01 7.040744235373922466e-01 7.112166597979876492e-01 7.184194449250238534e-01 7.256831522403227597e-01 7.330081557999653663e-01 7.403948303767965422e-01 7.478435514427042019e-01 7.553546951506532325e-01 7.629286383164815000e-01 7.705657584004601546e-01 7.782664334886181257e-01 7.860310422738226999e-01 7.938599640366197363e-01
5.459710368823911253e-01 5.517287933679907441e-01 5.575380330812145235e-01 5.633991045875008652e-01 5.693123575296686889e-01 5.752781426159468969e-01 5.812968116077941172e-01 5.873687173075013979e-01 5.934942135455781864e-01 5.996736551679211491e-01 6.059073980227652756e-01 6.121957989474128281e-01 6.185392157547447978e-01 6.249380072195118707e-01 6.313925330643981315e-01 6.379031539458666078e-01 6.444702314397778853e-01 6.510941280267865672e-01 6.577752070775062521e-01 6.645138328374570191e-01 6.713103704117742154e-01 6.781651857497003055e-01 6.850786456288378012e-01 6.920511176391790364e-01 6.990829701669021290e-01 7.061745723779374595e-01 7.133262942012982277e-01 7.205385063121859668e-01 7.278115801148526964e-01 7.351458877252374791e-01 7.425418019533631675e-01 7.499996962855026705e-01 7.575199448661000812e-01 7.651029224794682060e-01 7.727490045312385147e-01 7.804585670295791644e-01 7.882319865661706615e-01
5.420914574234596550e-01 5.478083002482933006e-01 5.535762604694907107e-01 5.593956841756432263e-01 5.652669185250650541e-01 5.711903117339103275e-01 5.771662130640808908e-01 5.831949728109119269e-01 5.892769422906523058e-01 5.954124738277233320e-01 6.016019207417606651e-01 6.078456373344398589e-01 6.141439788760848506e-01 6.204973015920507429e-01 6.269059626488927561e-01 6.333703201403088068e-01 6.398907330728613729e-01 6.464675613514775376e-01 6.531011657647214363e-01 6.597919079698424394e-01 6.665401504776016228e-01 6.733462566368657587e-01 6.802105906189770401e-01 6.871335174018941006e-01 6.941154027541044380e-01 7.011566132183065791e-01 7.082575160948596515e-01 7.154184794250085799e-01 7.226398719738682530e-01 7.299220632131854236e-01 7.372654233038546945e-01 7.446703230782178995e-01 7.521371340221123525e-01 7.596662282566953861e-01 7.672579785200279723e-01 7.749127581484255289e-01 7.826309410575731373e-01
5.382305280034771489e-01 5.439066538490084923e-01 5.496335330182796630e-01 5.554115091349398625e-01 5.612409268847439181e-01 5.671221320037518332e-01 5.730554712663218364e-01 5.790412924728856048e-01 5.850799444375205383e-01 5.911717769752914409e-01 5.973171408893911405e-01 6.035163879580577317e-01 6.097698709212796553e-01 6.160779434672737365e-01 6.224409602187527257e-01 6.288592767189707944e-01 6.353332494175434331e-01 6.418632356560511898e-01 6.484495936534195870e-01 6.550926824910741075e-01 6.617928620978698051e-01 6.685504932347996476e-01 6.753659374794735992e-01 6.822395572103747696e-01 6.891717155908835268e-01 6.961627765530759016e-01 7.032131047812935076e-01 7.103230656954880873e-01 7.174930254343246938e-01 7.247233508380654943e-01 7.320144094312155403e-01 7.393665694049436077e-01 7.467801995992581210e-01 7.542556694849640309e-01 7.617933491453748873e-01 7.693936092578020913e-01 7.770568210747941240e-01
5.343882432725380882e-01 5.400238487638114870e-01 5.457098452643318609e-01 5.514465739447103054e-01 5.572343770300818289e-01 5.630735977883877252e-01 5.689645805184574412e-01 5.749076705378677321e-01 5.809032141706039765e-01 5.869515587344940055e-01 5.930530525284414267e-01 5.992080448194324616e-01 6.054168858293372812e-01 6.116799267214878544e-01 6.179975195870391902e-01 6.243700174311165307e-01 6.307977741587355025e-01 6.372811445605114367e-01 6.438204842981397613e-01 6.504161498896586791e-01 6.570684986944871353e-01 6.637778888982406311e-01 6.705446794973233260e-01 6.773692302832950984e-01 6.842519018270073472e-01 6.911930554625236311e-01 6.981930532708010562e-01 7.052522580631541693e-01 7.123710333644811543e-01 7.195497433962704248e-01 7.267887530593674095e-01 7.340884279165199588e-01 7.414491341746872743e-01 7.488712386671202426e-01 7.563551088352065133e-01 7.639011127100889809e-01 7.715096188940432365e-01
5.305645969954726482e-01 5.361598786917772808e-01 5.418051908403787031e-01 5.475008721707494974e-01 5.532472624593421928e-01 5.590447025179515750e-01 5.648935341818860367e-01 5.707941002979112222e-01 5.767467447120010471e-01 5.827518122568600134e-01 5.888096487392489031e-01 5.949206009270844309e-01 6.010850165363346154e-01 6.073032442176941048e-01 6.135756335430390118e-01 6.199025349916793548e-01 6.262842999363749108e-01 6.327212806291486746e-01 6.392138301868710570e-01 6.457623025766290326e-01 6.523670526008670256e-01 6.590284358823185196e-01 6.657468088487019653e-01 6.725225287172007516e-01 6.793559534787173559e-01 6.862474418819027866e-01 6.931973534169583173e-01 7.002060482992169543e-01 7.072738874524888697e-01 7.144012324921908963e-01 7.215884457082358816e-01 7.288358900477032165e-01 7.361439290972719984e-01 7.435129270654360356e-01 7.509432487644708276e-01 7.584352595921894924e-01 7.659893255134503365e-01
5.267595820585774247e-01 5.323147364441811469e-01 5.379195624820045651e-01 5.435743964722765664e-01 5.492795757546969915e-01 5.550354386968845422e-01 5.608423246826289565e-01 5.667005740999245811e-01 5.726105283288076553e-01 5.785725297289704416e-01 5.845869216271721847e-01 5.906540483044377954e-01 5.967742549830452603e-01 6.029478878132920050e-01 6.091752938600539791e-01 6.154568210891309121e-01 6.217928183533676378e-01 6.281836353785631433e-01 6.346296227491634578e-01 6.411311318937328307e-01 6.476885150702037519e-01 6.543021253509127000e-01 6.609723166074085166e-01 6.676994434950452861e-01 6.744838614373457331e-01 6.813259266101460154e-01 6.882259959255151438e-01 6.951844270154546868e-01 7.022015782153621100e-01 7.092778085472791760e-01 7.164134777029083079e-01 7.236089460264066853e-01 7.308645744969430869e-01 7.381807247110396819e-01 7.455577588646732368e-01 7.529960397351562751e-01 7.604959306627838700e-01
5.229731904763706973e-01 5.284884139513272849e-01 5.340529520345458359e-01 5.396671386089030298e-01 5.453313085892703693e-01 5.510457979110533477e-01 5.568109435185220057e-01 5.626270833529350979e-01 5.684945563404593116e-01 5.744137023798776553e-01 5.803848623300879028e-01 5.864083779973959798e-01 5.924845921225901924e-01 5.986138483678131728e-01 6.047964913032103373e-01 6.110328663933728421e-01 6.173233199835624907e-01 6.236681992857215917e-01 6.300678523642646578e-01 6.365226281216586068e-01 6.430328762837765888e-01 6.495989473850423135e-01 6.562211927533470046e-01 6.628999644947514147e-01 6.696356154779643521e-01 6.764284993186017170e-01 6.832789703632189404e-01 6.901873836731282630e-01 6.971540950079825327e-01 7.041794608091438423e-01 7.112638381828212397e-01 7.184075848829862831e-01 7.256110592940606674e-01 7.328746204133818054e-01 7.401986278334313774e-01 7.475834417238473861e-01 7.550294228132043983e-01
5.192054133983726727e-01 5.246809022694001179e-01 5.302053504600173772e-01 5.357790894476307519e-01 5.414024517342075349e-01 5.470757708348938930e-01 5.527993812664360185e-01 5.585736185353846750e-01 5.643988191260999043e-01 5.702753204885540050e-01 5.762034610259165746e-01 5.821835800819384898e-01 5.882160179281210599e-01 5.943011157506820075e-01 6.004392156373001832e-01 6.066306605636568872e-01 6.128757943797558116e-01 6.191749617960425889e-01 6.255285083692900816e-01 6.319367804882848327e-01 6.384001253592895830e-01 6.449188909912915157e-01 6.514934261810290117e-01 6.581240804978034653e-01 6.648112042680687228e-01 6.715551485598062476e-01 6.783562651666725785e-01 6.852149065919261872e-01 6.921314260321381751e-01 6.991061773606804808e-01 7.061395151109765012e-01 7.132317944595487624e-01 7.203833712088266727e-01 7.275946017697397794e-01 7.348658431440737715e-01 7.421974529066154291e-01 7.495897891870544338e-01
5.154562411159060442e-01 5.208921915873364616e-01 5.263767478440534164e-01 5.319102389698706634e-01 5.374929950657654221e-01 5.431253472385803027e-01 5.488076275895189537e-01 5.545401692024457541e-01 5.603233061319767838e-01 5.661573733913620732e-01 5.720427069401694542e-01 5.779796436717533625e-01 5.839685214005244651e-01 5.900096788489995747e-01 5.961034556346478386e-01 6.022501922565309807e-01 6.084502300817202780e-01 6.147039113315104775e-01 6.210115790674161085e-01 6.273735771769589631e-01 6.337902503592317549e-01 6.402619441102542774e-01 6.467890047081100713e-01 6.533717791978691514e-01 6.600106153762839156e-01 6.667058617762812167e-01 6.734578676512191775e-01 6.802669829589410577e-01 6.871335583455924212e-01 6.940579451292290258e-01 7.010404952831971181e-01 7.080815614192975671e-01 7.151814967707168513e-01 7.223406551747454385e-01 7.295593910552687911e-01 7.368380594050311094e-01 7.441770157676775854e-01
5.117256630689237529e-01 5.171222712337224525e-01 5.225671334028784143e-01 5.280605762784843504e-01 5.336029275724357701e-01 5.391945159952108435e-01 5.448356712444574201e-01 5.505267239933667733e-01 5.562680058788589399e-01 5.620598494895493458e-01 5.679025883535220309e-01 5.737965569258904885e-01 5.797420905761557774e-01 5.857395255753559127e-01 5.917891990830023152e-01 5.978914491338189752e-01 6.040466146242564616e-01 6.102550352988073135e-01 6.165170517361047153e-01 6.228330053348061224e-01 6.292032382992691630e-01 6.356280936250123803e-01 6.421079150839555938e-01 6.486430472094532051e-01 6.552338352811053479e-01 6.618806253093550973e-01 6.685837640198654119e-01 6.753435988376833565e-01 6.821604778711773953e-01 6.890347498957648531e-01 6.959667643374101154e-01 7.029568712559098875e-01 7.100054213279496373e-01 7.171127658299508711e-01 7.242792566206782690e-01 7.315052461236425385e-01 7.387910873092665698e-01
5.080136678528495153e-01 5.133711296837104587e-01 5.187764954902978065e-01 5.242300896048477377e-01 5.297322373620733105e-01 5.352832650880263721e-01 5.408835000887689537e-01 5.465332706388313921e-01 5.522329059694777165e-01 5.579827362567664206e-01 5.637830926094113959e-01 5.696343070564288125e-01 5.755367125345903778e-01 5.814906428756646539e-01 5.874964327934510955e-01 5.935544178706096963e-01 5.996649345452770286e-01 6.058283200974837746e-01 6.120449126353445513e-01 6.183150510810543343e-01 6.246390751566618382e-01 6.310173253696377271e-01 6.374501429982236678e-01 6.439378700765702179e-01 6.504808493796612190e-01 6.570794244080233604e-01 6.637339393722155867e-01 6.704447391771035658e-01 6.772121694059206609e-01 6.840365763041121872e-01 6.909183067629476316e-01 6.978577083029325889e-01 7.048551290569883276e-01 7.119109177534194144e-01 7.190254236986505232e-01 7.261989967597555218e-01 7.334319873467509687e-01
5.043202432254438872e-01 5.096387545659569751e-01 5.150048216047091731e-01 5.204187663159348665e-01 5.258809116690597030e-01 5.313915816176391083e-01 5.369511010881118374e-01 5.425597959683453597e-01 5.482179930959873992e-01 5.539260202466090854e-01 5.596842061216535935e-01 5.654928803361800593e-01 5.713523734064022142e-01 5.772630167370215171e-01 5.832251426083594481e-01 5.892390841632817455e-01 5.953051753939108126e-01 6.014237511281397275e-01 6.075951470159273171e-01 6.138196995153961666e-01 6.200977458787031438e-01 6.264296241377205199e-01 6.328156730894833881e-01 6.392562322814452358e-01 6.457516419965050325e-01 6.523022432378260405e-01 6.589083777134446818e-01 6.655703878206581381e-01 6.722886166301978994e-01 6.790634078701887066e-01 6.858951059098894465e-01 6.927840557432199953e-01 6.997306029720608000e-01 7.067350937893469576e-01 7.137978749619334762e-01 7.209192938132460426e-01 7.280996982057086342e-01
5.006453761136930858e-01 5.059251326695802797e-01 5.112520983961299503e-01 5.166265929214252095e-01 5.220489368614843473e-01 5.275194518092879425e-01 5.330384603236105745e-01 5.386062859176472539e-01 5.442232530474545582e-01 5.498896871001769382e-01 5.556059143820863966e-01 5.613722621064104468e-01 5.671890583809662267e-01 5.730566321955851139e-01 5.789753134093368336e-01 5.849454327375510632e-01 5.909673217386244293e-01 5.970413128006366588e-01 6.031677391277417977e-01 6.093469347263654745e-01 6.155792343911883346e-01 6.218649736909183101e-01 6.282044889538557220e-01 6.345981172532475512e-01 6.410461963924276585e-01 6.475490648897492818e-01 6.541070619632978200e-01 6.607205275153997803e-01 6.673898021169073491e-01 6.741152269912777939e-01 6.808971439984292662e-01 6.877358956183877714e-01 6.946318249347127605e-01 7.015852756177103355e-01 7.085965919074227459e-01 7.156661185964094951e-01 7.227942010122990757e-01
4.969890526207062509e-01 5.022302499511340779e-01 5.075183116732500110e-01 5.128535550808209775e-01 5.182362984483375179e-01 5.236668610201142826e-01 5.291455629992091181e-01 5.346727255361292119e-01 5.402486707173559388e-01 5.458737215536597631e-01 5.515482019682269588e-01 5.572724367845749427e-01 5.630467517142755396e-01 5.688714733444764082e-01 5.747469291252139678e-01 5.806734473565295929e-01 5.866513571753769751e-01 5.926809885423313107e-01 5.987626722280848801e-01 6.048967397997403461e-01 6.110835236068977716e-01 6.173233567675341371e-01 6.236165731536699175e-01 6.299635073768320437e-01 6.363644947733011481e-01 6.428198713891573046e-01 6.493299739651019475e-01 6.558951399210788402e-01 6.625157073406758856e-01 6.691920149553217678e-01 6.759244021282563297e-01 6.827132088382968922e-01 6.895587756633887455e-01 6.964614437639384814e-01 7.034215548659279449e-01 7.104394512438192422e-01 7.175154757032377040e-01
4.933512580326399055e-01 4.985540915416055707e-01 5.038034464104966803e-01 5.090996376105956234e-01 5.144429810867298114e-01 5.198337937464532210e-01 5.252723934490405311e-01 5.307590989942857496e-01 5.362942301111046639e-01 5.418781074459364522e-01 5.475110525509564452e-01 5.531933878720812769e-01 5.589254367367855192e-01 5.647075233417044871e-01 5.705399727400495280e-01 5.764231108288156991e-01 5.823572643357850520e-01 5.883427608063291903e-01 5.943799285900074336e-01 6.004690968269646989e-01 6.066105954341115547e-01 6.128047550911115415e-01 6.190519072261524425e-01 6.253523840015176027e-01 6.317065182989373140e-01 6.381146437047451325e-01 6.445770944948119308e-01 6.510942056192821070e-01 6.576663126870839760e-01 6.642937519502424282e-01 6.709768602879715438e-01 6.777159751905593721e-01 6.845114347430328872e-01 6.913635776086163309e-01 6.982727430119706202e-01 7.052392707222253643e-01 7.122635010357819541e-01
