upland/rainfall_series/rainfall_8.asc
ncols 76
nrows 55
xllcorner 0.0
yllcorner 0.0
cellsize 10.0
[rows 0 to 16 of 55, columns 37 to 73 of 76]
0.000000000000000000e+00 0.000000000000000000e+00 0.000000000000000000e+00 0.000000000000000000e+00 0.000000000000000000e+00 0.000000000000000000e+00 0.000000000000000000e+00 0.000000000000000000e+00 0.000000000000000000e+00 0.000000000000000000e+00 0.000000000000000000e+00 0.000000000000000000e+00 0.000000000000000000e+00 0.000000000000000000e+00 0.000000000000000000e+00 0.000000000000000000e+00 0.000000000000000000e+00 0.000000000000000000e+00 0.000000000000000000e+00 0.000000000000000000e+00 0.000000000000000000e+00 0.000000000000000000e+00 0.000000000000000000e+00 0.000000000000000000e+00 0.000000000000000000e+00 0.000000000000000000e+00 0.000000000000000000e+00 0.000000000000000000e+00 0.000000000000000000e+00 0.000000000000000000e+00 0.000000000000000000e+00 0.000000000000000000e+00 0.000000000000000000e+00 0.000000000000000000e+00 0.000000000000000000e+00 0.000000000000000000e+00 0.000000000000000000e+00
0.000000000000000000e+00 0.000000000000000000e+00 0.000000000000000000e+00 0.000000000000000000e+00 0.000000000000000000e+00 0.000000000000000000e+00 0.000000000000000000e+00 0.000000000000000000e+00 0.000000000000000000e+00 0.000000000000000000e+00 0.000000000000000000e+00 0.000000000000000000e+00 0.000000000000000000e+00 0.000000000000000000e+00 0.000000000000000000e+00 0.000000000000000000e+00 0.000000000000000000e+00 0.000000000000000000e+00 0.000000000000000000e+00 0.000000000000000000e+00 0.000000000000000000e+00 0.000000000000000000e+00 0.000000000000000000e+00 0.000000000000000000e+00 0.000000000000000000e+00 0.000000000000000000e+00 0.000000000000000000e+00 0.000000000000000000e+00 0.000000000000000000e+00 0.000000000000000000e+00 0.000000000000000000e+00 0.000000000000000000e+00 0.000000000000000000e+00 0.000000000000000000e+00 0.000000000000000000e+00 0.000000000000000000e+00 0.000000000000000000e+00
1.969372025003754301e+00 1.978038401130026935e+00 0.000000000000000000e+00 1.995439916016815252e+00 2.004174988985468087e+00 0.000000000000000000e+00 2.021713596458396989e+00 2.030517061134634815e+00 2.039343252090940251e+00 2.048192132718880121e+00 0.000000000000000000e+00 0.000000000000000000e+00 0.000000000000000000e+00 0.000000000000000000e+00 0.000000000000000000e+00 0.000000000000000000e+00 0.000000000000000000e+00 0.000000000000000000e+00 0.000000000000000000e+00 0.000000000000000000e+00 0.000000000000000000e+00 0.000000000000000000e+00 0.000000000000000000e+00 0.000000000000000000e+00 0.000000000000000000e+00 0.000000000000000000e+00 0.000000000000000000e+00 0.000000000000000000e+00 0.000000000000000000e+00 0.000000000000000000e+00 0.000000000000000000e+00 0.000000000000000000e+00 0.000000000000000000e+00 0.000000000000000000e+00 0.000000000000000000e+00 0.000000000000000000e+00 0.000000000000000000e+00
1.971437201319097499e+00 1.980112665415794115e+00 1.988811085291536385e+00 1.997532428351167288e+00 2.006276661328990407e+00 2.015043750286855673e+00 2.023833660612251784e+00 2.032646357016426819e+00 2.041481803532517958e+00 2.050339963513702290e+00 2.059220799631365395e+00 2.068124273873289010e+00 0.000000000000000000e+00 0.000000000000000000e+00 0.000000000000000000e+00 0.000000000000000000e+00 0.000000000000000000e+00 0.000000000000000000e+00 0.000000000000000000e+00 0.000000000000000000e+00 0.000000000000000000e+00 0.000000000000000000e+00 0.000000000000000000e+00 0.000000000000000000e+00 0.000000000000000000e+00 0.000000000000000000e+00 0.000000000000000000e+00 0.000000000000000000e+00 0.000000000000000000e+00 0.000000000000000000e+00 0.000000000000000000e+00 0.000000000000000000e+00 0.000000000000000000e+00 0.000000000000000000e+00 0.000000000000000000e+00 0.000000000000000000e+00 0.000000000000000000e+00
1.973489439257773537e+00 1.982173934388551606e+00 1.990881409195013330e+00 1.999611831048070831e+00 2.008365166647397171e+00 2.017141382019514317e+00 2.025940442515879791e+00 2.034762312811006613e+00 2.043606956900590355e+00 2.052474338099659956e+00 2.061364419040741858e+00 2.070277161672048116e+00 2.079212527255677845e+00 0.000000000000000000e+00 2.097150968887090627e+00 2.106153964012602131e+00 0.000000000000000000e+00 0.000000000000000000e+00 0.000000000000000000e+00 0.000000000000000000e+00 0.000000000000000000e+00 0.000000000000000000e+00 0.000000000000000000e+00 0.000000000000000000e+00 0.000000000000000000e+00 0.000000000000000000e+00 0.000000000000000000e+00 0.000000000000000000e+00 0.000000000000000000e+00 0.000000000000000000e+00 0.000000000000000000e+00 0.000000000000000000e+00 0.000000000000000000e+00 0.000000000000000000e+00 0.000000000000000000e+00 0.000000000000000000e+00 0.000000000000000000e+00
1.975528693921574597e+00 1.984222162952514301e+00 1.992938635404596148e+00 2.001678078615015011e+00 2.010440459249034806e+00 2.019225743298071141e+00 2.028033896077778842e+00 2.036864882226167239e+00 2.045718665701730110e+00 2.054595209781585829e+00 2.063494477059649945e+00 2.072416429444814856e+00 2.081361028159150361e+00 2.090328233736125529e+00 2.099318006018845661e+00 2.108330304158313684e+00 2.117365086611703084e+00 2.126422311140654831e+00 0.000000000000000000e+00 0.000000000000000000e+00 0.000000000000000000e+00 0.000000000000000000e+00 0.000000000000000000e+00 0.000000000000000000e+00 0.000000000000000000e+00 0.000000000000000000e+00 0.000000000000000000e+00 0.000000000000000000e+00 0.000000000000000000e+00 0.000000000000000000e+00 0.000000000000000000e+00 0.000000000000000000e+00 0.000000000000000000e+00 0.000000000000000000e+00 0.000000000000000000e+00 0.000000000000000000e+00 0.000000000000000000e+00
1.977554920663979754e+00 1.986257306264691103e+00 1.994982718880302652e+00 2.003731125814509184e+00 2.012502493698383521e+00 2.021296788488460727e+00 2.030113975464820530e+00 2.038954019229204384e+00 2.047816883703136970e+00 2.056702532126073013e+00 2.065610927053562307e+00 2.074542030355427169e+00 2.083495803213965658e+00 2.092472206122166334e+00 2.101471198881948776e+00 2.110492740602417872e+00 2.119536789698136747e+00 2.128603303887425024e+00 2.137692240190670834e+00 0.000000000000000000e+00 0.000000000000000000e+00 0.000000000000000000e+00 0.000000000000000000e+00 0.000000000000000000e+00 0.000000000000000000e+00 0.000000000000000000e+00 0.000000000000000000e+00 0.000000000000000000e+00 0.000000000000000000e+00 0.000000000000000000e+00 0.000000000000000000e+00 0.000000000000000000e+00 0.000000000000000000e+00 0.000000000000000000e+00 0.000000000000000000e+00 0.000000000000000000e+00 0.000000000000000000e+00
1.979568075091782342e+00 1.988279319736518502e+00 1.997013614837697348e+00 2.005770927665728287e+00 2.014551224817715980e+00 2.023354472215535882e+00 2.032180635103925770e+00 2.041029678048590590e+00 2.049901564934326625e+00 2.058796258963167425e+00 2.067713722652543051e+00 2.076653917833460650e+00 2.085616805648699223e+00 2.094602346551032390e+00 2.103610500301456021e+00 2.112641225967447411e+00 2.121694481921236886e+00 2.130770225838102494e+00 2.139868414694675369e+00 2.148989004767281497e+00 2.158131951630279932e+00 2.167297210154446763e+00 2.176484734505358176e+00 0.000000000000000000e+00 0.000000000000000000e+00 0.000000000000000000e+00 0.000000000000000000e+00 0.000000000000000000e+00 0.000000000000000000e+00 0.000000000000000000e+00 0.000000000000000000e+00 0.000000000000000000e+00 0.000000000000000000e+00 0.000000000000000000e+00 0.000000000000000000e+00 0.000000000000000000e+00 0.000000000000000000e+00
1.981568113066709547e+00 1.990288159035490612e+00 1.999031278749527019e+00 2.007797439446159071e+00 2.016586607688741317e+00 2.025398749364722306e+00 2.034233829683723904e+00 2.043091813175649030e+00 2.051972663688806264e+00 2.060876344388051784e+00 2.069802817752943280e+00 2.078752045575924967e+00 2.087723988960519250e+00 2.096718608319539268e+00 2.105735863373328520e+00 2.114775713148008052e+00 2.123838115973750718e+00 2.132923029483070554e+00 2.142030410609131685e+00 2.151160215584083435e+00 2.160312399937400762e+00 2.169486918494263339e+00 2.178683725373938618e+00 0.000000000000000000e+00 0.000000000000000000e+00 0.000000000000000000e+00 0.000000000000000000e+00 0.000000000000000000e+00 0.000000000000000000e+00 0.000000000000000000e+00 0.000000000000000000e+00 0.000000000000000000e+00 0.000000000000000000e+00 0.000000000000000000e+00 0.000000000000000000e+00 0.000000000000000000e+00 0.000000000000000000e+00
1.983554990707033561e+00 1.992283780086774314e+00 2.001035666347341202e+00 2.009810616693223029e+00 2.018608597654250048e+00 2.027429575083665281e+00 2.036273514156206055e+00 2.045140379366212624e+00 2.054030134525743900e+00 2.062942742762720716e+00 2.071878166519082409e+00 2.080836367548961174e+00 2.089817306916879058e+00 2.098820944995957838e+00 2.107847241466150656e+00 2.116896155312496752e+00 2.125967644823387737e+00 2.135061667588854739e+00 2.144178180498881758e+00 2.153317139741730557e+00 2.162478500802289982e+00 2.171662218460439497e+00 2.180868246789446463e+00 2.190096539154362532e+00 0.000000000000000000e+00 0.000000000000000000e+00 0.000000000000000000e+00 0.000000000000000000e+00 0.000000000000000000e+00 0.000000000000000000e+00 0.000000000000000000e+00 0.000000000000000000e+00 0.000000000000000000e+00 0.000000000000000000e+00 0.000000000000000000e+00 0.000000000000000000e+00 0.000000000000000000e+00
1.985528664389174525e+00 1.994266139074821309e+00 2.003026733623115785e+00 2.011810415205912861e+00 2.020617150319742539e+00 2.029446904783867467e+00 2.038299643738375355e+00 2.047175331642277385e+00 2.056073932271624827e+00 2.064995408717650527e+00 2.073939723384921940e+00 2.082906837989516369e+00 2.091896713557213516e+00 2.100909310421706255e+00 2.109944588222830486e+00 2.119002505904812761e+00 2.128083021714539669e+00 2.137186093199845871e+00 2.146311677207819901e+00 2.155459729883129061e+00 2.164630206666369627e+00 2.173823062292425945e+00 2.183038250788866819e+00 2.192275725474342796e+00 2.201535438957017643e+00 0.000000000000000000e+00 0.000000000000000000e+00 0.000000000000000000e+00 0.000000000000000000e+00 0.000000000000000000e+00 0.000000000000000000e+00 0.000000000000000000e+00 0.000000000000000000e+00 0.000000000000000000e+00 0.000000000000000000e+00 0.000000000000000000e+00 0.000000000000000000e+00
1.987489090749297249e+00 1.996235192444970830e+00 2.005004436830856829e+00 2.013796791046401413e+00 2.022612221555050382e+00 2.031450694142321378e+00 2.040312173913881200e+00 2.049196625293648211e+00 2.058104012021909845e+00 2.067034297153454769e+00 2.075987443055732129e+00 2.084963411407019240e+00 2.093962163194614146e+00 2.102983658713044157e+00 2.112027857562294830e+00 2.121094718646057142e+00 2.130184200169991993e+00 2.139296259640019127e+00 2.148430853860618939e+00 2.157587938933159144e+00 2.166767470254236994e+00 2.175969402514048578e+00 2.185193689694766572e+00 2.194440285068953056e+00 2.203709141197978116e+00 0.000000000000000000e+00 0.000000000000000000e+00 0.000000000000000000e+00 0.000000000000000000e+00 0.000000000000000000e+00 0.000000000000000000e+00 0.000000000000000000e+00 0.000000000000000000e+00 0.000000000000000000e+00 0.000000000000000000e+00 0.000000000000000000e+00 0.000000000000000000e+00
1.989436226684895503e+00 1.998190896905038372e+00 2.006968732488206619e+00 2.015769700541648390e+00 2.024593767495956875e+00 2.033440899103128974e+00 2.042311060434645498e+00 2.051204215879573578e+00 2.060120329142672624e+00 2.069059363242540250e+00 2.078021280509752877e+00 2.087006042585048959e+00 2.096013610417502449e+00 2.105043944262743327e+00 2.114097003681176812e+00 2.123172747536231419e+00 2.132271133992623025e+00 2.141392120514639785e+00 2.150535663864443503e+00 2.159701720100393629e+00 2.168890244575391257e+00 2.178101191935242653e+00 2.187334516117035665e+00 2.196590170347554327e+00 2.205868107141693901e+00 2.215168278300906568e+00 0.000000000000000000e+00 0.000000000000000000e+00 0.000000000000000000e+00 0.000000000000000000e+00 0.000000000000000000e+00 0.000000000000000000e+00 0.000000000000000000e+00 0.000000000000000000e+00 0.000000000000000000e+00 0.000000000000000000e+00 0.000000000000000000e+00
1.991370029356371640e+00 2.000133209426910419e+00 2.008919577378028176e+00 2.017729100285003963e+00 2.026561744545797517e+00 2.035417475879116811e+00 2.044296259322491149e+00 2.053198059230370021e+00 2.062122839272236163e+00 2.071070562430737727e+00 2.080041190999837752e+00 2.089034686582983635e+00 2.098051010091293911e+00 2.107090121741764133e+00 2.116151981055491405e+00 2.125236546855917563e+00 2.134343777267094566e+00 2.143473629711961426e+00 2.152626060910653560e+00 2.161801026878817478e+00 2.170998482925955653e+00 2.180218383653786507e+00 2.189460682954626147e+00 2.198725334009791865e+00 2.208012289288021179e+00 2.217321500543916191e+00 2.226652918816409255e+00 0.000000000000000000e+00 0.000000000000000000e+00 0.000000000000000000e+00 0.000000000000000000e+00 0.000000000000000000e+00 0.000000000000000000e+00 0.000000000000000000e+00 0.000000000000000000e+00 0.000000000000000000e+00 0.000000000000000000e+00
1.993290456188606008e+00 2.002062087248109190e+00 2.010856928549997313e+00 2.019674947137795495e+00 2.028516109377060506e+00 2.037380380953439651e+00 2.046267726870743875e+00 2.055178111449048828e+00 2.064111498322801275e+00 2.073067850438947701e+00 2.082047130055091788e+00 2.091049298737650997e+00 2.100074317360047793e+00 2.109122146100911532e+00 2.118192744442302988e+00 2.127286071167954429e+00 2.136402084361531895e+00 2.145540741404917906e+00 2.154701998976506161e+00 2.163885813049528206e+00 2.173092138890386327e+00 2.182320931057019298e+00 2.191572143397278349e+00 2.200845729047328447e+00 2.210141640430069998e+00 2.219459829253579652e+00 2.228800246509570648e+00 2.238162842471880687e+00 0.000000000000000000e+00 0.000000000000000000e+00 0.000000000000000000e+00 0.000000000000000000e+00 0.000000000000000000e+00 0.000000000000000000e+00 0.000000000000000000e+00 0.000000000000000000e+00 0.000000000000000000e+00
1.995197464872517923e+00 2.003977487873371377e+00 2.012780743322170718e+00 2.021607198230913394e+00 2.030456818932974361e+00 2.039329571081172965e+00 2.048225419645841594e+00 2.057144328912916986e+00 2.066086262482054181e+00 2.075051183264754684e+00 2.084039053482508841e+00 2.093049834664966635e+00 2.102083487648116478e+00 2.111139972572491974e+00 2.120219248881386687e+00 2.129321275319103535e+00 2.138446009929206859e+00 2.147593410052802021e+00 2.156763432326841201e+00 2.165956032682430088e+00 2.175171166343178975e+00 2.184408787823546749e+00 2.193668850927233294e+00 2.202951308745566550e+00 2.212256113655931777e+00 2.221583217320199921e+00 2.230932570683201721e+00 2.240304123971198269e+00 2.249697826690390645e+00 2.259113627625441545e+00 0.000000000000000000e+00 0.000000000000000000e+00 0.000000000000000000e+00 0.000000000000000000e+00 0.000000000000000000e+00 0.000000000000000000e+00 0.000000000000000000e+00
1.997091013366617096e+00 2.005879369076200014e+00 2.014690979282557581e+00 2.023525810966377403e+00 2.032383830429086213e+00 2.041265003290907210e+00 2.050169294488922489e+00 2.059096668275179898e+00 2.068047088214785223e+00 2.077020517184042347e+00 2.086016917368587187e+00 2.095036250261559374e+00 2.104078476661779717e+00 2.113143556671950307e+00 2.122231449696877270e+00 2.131342114441708180e+00 2.140475508910187674e+00 2.149631590402938386e+00 2.158810315515754752e+00 2.168011640137923912e+00 2.177235519450554602e+00 2.186481907924942458e+00 2.195750759320942880e+00 2.205042026685365641e+00 2.214355662350397491e+00 2.223691617932037623e+00 2.233049844328557132e+00 2.242430291718981561e+00 2.251832909561589879e+00 2.261257646592438331e+00 0.000000000000000000e+00 0.000000000000000000e+00 0.000000000000000000e+00 0.000000000000000000e+00 0.000000000000000000e+00 0.000000000000000000e+00 0.000000000000000000e+00
