upland/rainfall_series/rainfall_5.asc
ncols 76
nrows 55
xllcorner 0.0
yllcorner 0.0
cellsize 10.0
[rows 34 to 50 of 55, columns 37 to 73 of 76]
4.897319768256361838e-01 4.948966417534225171e-01 5.001074867551211778e-01 5.053648244913504506e-01 5.106689685891296904e-01 5.160202336311413562e-01 5.214189351448111909e-01 5.268653895911790119e-01 5.323599143535938660e-01 5.379028277261951319e-01 5.434944489022162095e-01 5.491350979620728268e-01 5.548250958612703787e-01 5.605647644181039890e-01 5.663544263011554003e-01 5.721944050166031248e-01 5.780850248953144366e-01 5.840266110797537324e-01 5.900194895106696258e-01 5.960639869135964108e-01 6.021604307851370352e-01 6.083091493790510063e-01 6.145104716921320209e-01 6.207647274498808709e-01 6.270722470919714020e-01 6.334333617575090836e-01 6.398484032700791913e-01 6.463177041225925956e-01 6.528415974619121709e-01 6.594204170732805848e-01 6.660544973645274869e-01 6.727441733500723053e-01 6.794897806347119928e-01 6.862916553971998290e-01 6.931501343736059528e-01 7.000655548404730588e-01 0.000000000000000000e+00
4.861311926727753807e-01 4.912578840874824992e-01 4.964304160343004924e-01 5.016490988749900959e-01 5.069142439306079106e-01 5.122261634708497047e-01 5.175851707032050886e-01 5.229915797619171247e-01 5.284457056967521993e-01 5.339478644615742731e-01 5.394983729027267305e-01 5.450975487472176084e-01 5.507457105907057615e-01 5.564431778852971799e-01 5.621902709271351384e-01 5.679873108437974993e-01 5.738346195814900685e-01 5.797325198920465494e-01 5.856813353197181105e-01 5.916813901877678861e-01 5.977330095848597535e-01 6.038365193512500451e-01 6.099922460647615452e-01 6.162005170265687504e-01 6.224616602467675230e-01 6.287760044297425743e-01 6.351438789593277789e-01 6.415656138837576572e-01 6.480415399004134658e-01 6.545719883403615658e-01 6.611572911526772955e-01 6.677977808885668942e-01 6.744937906852704890e-01 6.812456542497694612e-01 6.880537058422607766e-01 6.949182802594400243e-01 0.000000000000000000e+00
4.825488884510438781e-01 4.876378012401968998e-01 4.927722167622526350e-01 4.979524430919138323e-01 5.031787892561108144e-01 5.084515652234218308e-01 5.137710818933078905e-01 5.191376510851530846e-01 5.245515855271224437e-01 5.300131988448125719e-01 5.355228055497239792e-01 5.410807210275303536e-01 5.466872615261600954e-01 5.523427441436722374e-01 5.580474868159456259e-01 5.638018083041667072e-01 5.696060281821192506e-01 5.754604668232741194e-01 5.813654453876820893e-01 5.873212858086680477e-01 5.933283107793154709e-01 5.993868437387588344e-01 6.054972088582679657e-01 6.116597310271334464e-01 6.178747358383422927e-01 6.241425495740537954e-01 6.304634991908680819e-01 6.368379123048950596e-01 6.432661171766037578e-01 6.497484426954784897e-01 6.562852183644598547e-01 6.628767742841825683e-01 6.695234411369973548e-01 6.762255501707924443e-01 6.829834331826009075e-01 6.897974225020003791e-01 0.000000000000000000e+00
4.789850462483232207e-01 4.840363751105457579e-01 4.891328706473693777e-01 4.942748386582256348e-01 4.994625858877415059e-01 5.046964200152354030e-01 5.099766496440358843e-01 5.153035842906006359e-01 5.206775343734535433e-01 5.260988112019244767e-01 5.315677269647050007e-01 5.370845947182023572e-01 5.426497283747094835e-01 5.482634426903739699e-01 5.539260532529738379e-01 5.596378764694999175e-01 5.653992295535373858e-01 5.712104305124549031e-01 5.770717981343918002e-01 5.829836519750477564e-01 5.889463123442718606e-01 5.949601002924552740e-01 6.010253375967148370e-01 6.071423467468871626e-01 6.133114509313063456e-01 6.195329740223914916e-01 6.258072405620203060e-01 6.321345757467071724e-01 6.385153054125708438e-01 6.449497560200971868e-01 6.514382546386983108e-01 6.579811289310650846e-01 6.645787071373102650e-01 6.712313180589073447e-01 6.779392910424167917e-01 6.847029559630113393e-01 0.000000000000000000e+00
4.754396473703828008e-01 4.804535868071509452e-01 4.855123585993624813e-01 4.906162662829524068e-01 4.957656143320537945e-01 5.009607081485749625e-01 5.062018540515934584e-01 5.114893592665580302e-01 5.168235319143049677e-01 5.222046809998840411e-01 5.276331164011985875e-01 5.331091488574436488e-01 5.386330899573648079e-01 5.442052521273167409e-01 5.498259486191291456e-01 5.554954934977787140e-01 5.612142016288691471e-01 5.669823886659108858e-01 5.728003710374047763e-01 5.786684659337315573e-01 5.845869912938390645e-01 5.905562657917371450e-01 5.965766088227805186e-01 6.026483404897678975e-01 6.087717815888259443e-01 6.149472535951036045e-01 6.211750786482523878e-01 6.274555795377153578e-01 6.337890796878032917e-01 6.401759031425765523e-01 6.466163745505120186e-01 6.531108191489748416e-01 6.596595627484759250e-01 6.662629317167352294e-01 6.729212529625233641e-01 6.796348539193087790e-01 0.000000000000000000e+00
4.719126723478912488e-01 4.768894166553608316e-01 4.819106607364227468e-01 4.869767058752777489e-01 4.920878542873657890e-01 4.972444091090186813e-01 5.024466743869326901e-01 5.076949550674525469e-01 5.129895569856689486e-01 5.183307868543254315e-01 5.237189522525433905e-01 5.291543616143491446e-01 5.346373242170143758e-01 5.401681501692079390e-01 5.457471503989489436e-01 5.513746366413730948e-01 5.570509214263025255e-01 5.627763180656198960e-01 5.685511406404516466e-01 5.743757039881510762e-01 5.802503236890854676e-01 5.861753160532301443e-01 5.921509981065553596e-01 5.981776875772278901e-01 6.042557028815981335e-01 6.103853631100005783e-01 6.165669880123448854e-01 6.228008979835105707e-01 6.290874140485362975e-01 6.354268578476105489e-01 6.418195516208567986e-01 6.482658181929166208e-01 6.547659809573285195e-01 6.613203638607013657e-01 6.679292913866861081e-01 6.745930885397363186e-01 0.000000000000000000e+00
4.684041009434411484e-01 4.733438442043455541e-01 4.783277563923902798e-01 4.833561365517913266e-01 4.884292846510817632e-01 4.935475015728368886e-01 4.987110891032316418e-01 5.039203499213968929e-01 5.091755875886050386e-01 5.144771065372549801e-01 5.198252120596819070e-01 5.252202102967691300e-01 5.306624082263781128e-01 5.361521136515849939e-01 5.416896351887231509e-01 5.472752822552450214e-01 5.529093650573774221e-01 5.585921945775963460e-01 5.643240825619010304e-01 5.701053415068957353e-01 5.759362846466725694e-01 5.818172259395094637e-01 5.877484800543564258e-01 5.937303623571363875e-01 5.997631888968425473e-01 6.058472763914399817e-01 6.119829422135640851e-01 6.181705043760261642e-01 6.244102815171110876e-01 6.307025928856809793e-01 6.370477583260713006e-01 6.434460982627913106e-01 6.498979336850142507e-01 6.564035861308773478e-01 6.629633776715606608e-01 6.695776308951807421e-01 6.762466688904653633e-01
4.649139121585821877e-01 4.698168482342058860e-01 4.747636241239376331e-01 4.797545366437462877e-01 4.847898835270255669e-01 4.898699634144064174e-01 4.949950758433830367e-01 5.001655212377547066e-01 5.053816008968862183e-01 5.106436169847798912e-01 5.159518725189653487e-01 5.213066713591999468e-01 5.267083181959798521e-01 5.321571185388680458e-01 5.376533787046269275e-01 5.431974058051654008e-01 5.487895077352908935e-01 5.544299931602777454e-01 5.601191715032312057e-01 5.658573529322693529e-01 5.716448483475050635e-01 5.774819693678393540e-01 5.833690283175503311e-01 5.893063382126945138e-01 5.952942127473100919e-01 6.013329662794228980e-01 6.074229138168508735e-01 6.135643710028161335e-01 6.197576541013553042e-01 6.260030799825325731e-01 6.323009661074484589e-01 6.386516305130534032e-01 6.450553917967554174e-01 6.515125691008357700e-01 6.580234820966472942e-01 6.645884509686257324e-01 6.712077963980888073e-01
4.614420842408630818e-01 4.663084067630938745e-01 4.712182417177678828e-01 4.761718837043264485e-01 4.811696282327878049e-01 4.862117717136300588e-01 4.912986114474969246e-01 4.964304456147193290e-01 5.016075732646546603e-01 5.068302943048422771e-01 5.120989094899748295e-01 5.174137204106800114e-01 5.227750294821249533e-01 5.281831399324250498e-01 5.336383557908669362e-01 5.391409818759467232e-01 5.446913237832121668e-01 5.502896878729240937e-01 5.559363812575150998e-01 5.616317117888683930e-01 5.673759880453945748e-01 5.731695193189224602e-01 5.790126156013948311e-01 5.849055875713639052e-01 5.908487465803016203e-01 5.968424046387093007e-01 6.028868744020268178e-01 6.089824691563545667e-01 6.151295028039706070e-01 6.213282898486554018e-01 6.275791453808107212e-01 6.338823850623909184e-01 6.402383251116207097e-01 6.466472822875274362e-01 6.531095738742609402e-01 6.596255176652248142e-01 0.000000000000000000e+00
4.579885946908907046e-01 4.628184970543386401e-01 4.676915861978109268e-01 4.726081545159305786e-01 4.775684953070824523e-01 4.825729027633721135e-01 4.876216719604082872e-01 4.927150988469032322e-01 4.978534802340934262e-01 5.030371137849715124e-01 5.082662980033451072e-01 5.135413322227011523e-01 5.188625165948941298e-01 5.242301520786428748e-01 5.296445404278402602e-01 5.351059841796842464e-01 5.406147866426077586e-01 5.461712518840330377e-01 5.517756847179252633e-01 5.574283906921663201e-01 5.631296760757276143e-01 5.688798478456609242e-01 5.746792136738890777e-01 5.805280819138097792e-01 5.864267615867004846e-01 5.923755623679377580e-01 5.983747945730093498e-01 6.044247691433446423e-01 6.105257976319378166e-01 6.166781921887839468e-01 6.228822655461103697e-01 6.291383310034168730e-01 6.354467024123126029e-01 6.418076941611606800e-01 0.000000000000000000e+00 0.000000000000000000e+00 0.000000000000000000e+00
4.545534202693908843e-01 4.593470956235861102e-01 4.641836338324425992e-01 4.690633250974571289e-01 4.739864605171106304e-01 4.789533320768991631e-01 4.839642326391995764e-01 4.890194559329394397e-01 4.941192965431013828e-01 4.992640499000384202e-01 5.044540122686094197e-01 5.096894807371308289e-01 5.149707532061468251e-01 5.202981283770150567e-01 5.256719057403045348e-01 5.310923855640108382e-01 5.365598688815815809e-01 5.420746574797611350e-01 5.476370538862380677e-01 5.532473613571101678e-01 5.589058838641579596e-01 5.646129260819314766e-01 5.703687933746394156e-01 5.761737917828538835e-01 5.820282280100173011e-01 5.879324094087651220e-01 5.938866439670434927e-01 5.998912402940427269e-01 6.059465076059344923e-01 6.120527557114112671e-01 6.182102949970313954e-01 6.244194364123692997e-01 0.000000000000000000e+00 0.000000000000000000e+00 0.000000000000000000e+00 0.000000000000000000e+00 0.000000000000000000e+00
4.511365370042782486e-01 4.558941782459453029e-01 4.606943601417040068e-01 4.655373707116036153e-01 4.704234988659339312e-01 4.753530343953342729e-01 4.803262679607293029e-01 4.853434910830842774e-01 4.904049961329834395e-01 4.955110763200249457e-01 5.006620256820427661e-01 5.058581390741366812e-01 5.110997121575289182e-01 5.163870413882361010e-01 5.217204240055517417e-01 5.271001580203545922e-01 5.325265422032212648e-01 5.379998760723606610e-01 5.435204598813564436e-01 5.490885946067279866e-01 5.547045819352970364e-01 5.603687242513698541e-01 5.660813246237299534e-01 5.718426867924383261e-01 5.776531151554451515e-01 5.835129147550112139e-01 5.894223912639342533e-01 5.953818509715879115e-01 6.013916007697592825e-01 6.074519481383062747e-01 6.135632011306074718e-01 6.197256683588279191e-01 0.000000000000000000e+00 0.000000000000000000e+00 0.000000000000000000e+00 0.000000000000000000e+00 0.000000000000000000e+00
4.477379201977392809e-01 4.524597199631411049e-01 4.572237399045308015e-01 4.620302658721713862e-01 4.668795845998601202e-01 4.717719836951114742e-01 4.767077516291691186e-01 4.816871777268383892e-01 4.867105521561422843e-01 4.917781659177994924e-01 4.968903108345205100e-01 5.020472795401291766e-01 5.072493654684969711e-01 5.124968628423016703e-01 5.177900666615996572e-01 5.231292726922169845e-01 5.285147774539551424e-01 5.339468782086161935e-01 5.394258729478378367e-01 5.449520603807458397e-01 5.505257399214172898e-01 5.561472116761616569e-01 5.618167764306049028e-01 5.675347356365982865e-01 5.733013913989225552e-01 5.791170464618161651e-01 5.849820041953049943e-01 5.908965685813447610e-01 5.968610441997688199e-01 6.028757362140478859e-01 6.089409503568549153e-01 0.000000000000000000e+00 0.000000000000000000e+00 0.000000000000000000e+00 0.000000000000000000e+00 0.000000000000000000e+00 0.000000000000000000e+00
4.443575444333162094e-01 4.490436950906760427e-01 4.537717471659891144e-01 4.585419843513779403e-01 4.633546912158280628e-01 0.000000000000000000e+00 0.000000000000000000e+00 0.000000000000000000e+00 0.000000000000000000e+00 0.000000000000000000e+00 0.000000000000000000e+00 4.982568736357047556e-01 5.034196843443435876e-01 0.000000000000000000e+00 0.000000000000000000e+00 0.000000000000000000e+00 0.000000000000000000e+00 0.000000000000000000e+00 5.353532624644319338e-01 5.408377277442117936e-01 5.463693265711708769e-01 5.519483567858465278e-01 5.575751169029652399e-01 5.632499060984459405e-01 5.689730241962087653e-01 5.747447716548051977e-01 5.805654495538484783e-01 5.864353595802600516e-01 5.923548040143266080e-01 5.983240857155668335e-01 0.000000000000000000e+00 0.000000000000000000e+00 0.000000000000000000e+00 0.000000000000000000e+00 0.000000000000000000e+00 0.000000000000000000e+00 0.000000000000000000e+00
4.409953835829977797e-01 4.456460772249968283e-01 4.503383552445184845e-01 4.550724991871740177e-01 4.598487914688038636e-01 0.000000000000000000e+00 0.000000000000000000e+00 0.000000000000000000e+00 0.000000000000000000e+00 0.000000000000000000e+00 0.000000000000000000e+00 0.000000000000000000e+00 0.000000000000000000e+00 0.000000000000000000e+00 0.000000000000000000e+00 0.000000000000000000e+00 0.000000000000000000e+00 0.000000000000000000e+00 0.000000000000000000e+00 0.000000000000000000e+00 0.000000000000000000e+00 0.000000000000000000e+00 5.533563132556605924e-01 5.589881650591556062e-01 5.646679800919630621e-01 5.703960565392627302e-01 5.761726932025943437e-01 5.819981894862147342e-01 5.878728453832549050e-01 0.000000000000000000e+00 0.000000000000000000e+00 0.000000000000000000e+00 0.000000000000000000e+00 0.000000000000000000e+00 0.000000000000000000e+00 0.000000000000000000e+00 0.000000000000000000e+00
0.000000000000000000e+00 4.422668392506648449e-01 4.469235367391777292e-01 4.516217826905694066e-01 0.000000000000000000e+00 0.000000000000000000e+00 0.000000000000000000e+00 0.000000000000000000e+00 0.000000000000000000e+00 0.000000000000000000e+00 0.000000000000000000e+00 0.000000000000000000e+00 0.000000000000000000e+00 0.000000000000000000e+00 0.000000000000000000e+00 0.000000000000000000e+00 0.000000000000000000e+00 0.000000000000000000e+00 0.000000000000000000e+00 0.000000000000000000e+00 0.000000000000000000e+00 0.000000000000000000e+00 0.000000000000000000e+00 5.547494785069646550e-01 5.603862247288329268e-01 5.660708664093074827e-01 5.718037000841816875e-01 5.775850228873948833e-01 5.834151325372940455e-01 0.000000000000000000e+00 0.000000000000000000e+00 0.000000000000000000e+00 0.000000000000000000e+00 0.000000000000000000e+00 0.000000000000000000e+00 0.000000000000000000e+00 0.000000000000000000e+00
0.000000000000000000e+00 0.000000000000000000e+00 0.000000000000000000e+00 0.000000000000000000e+00 0.000000000000000000e+00 0.000000000000000000e+00 0.000000000000000000e+00 0.000000000000000000e+00 0.000000000000000000e+00 0.000000000000000000e+00 0.000000000000000000e+00 0.000000000000000000e+00 0.000000000000000000e+00 0.000000000000000000e+00 0.000000000000000000e+00 0.000000000000000000e+00 0.000000000000000000e+00 0.000000000000000000e+00 0.000000000000000000e+00 0.000000000000000000e+00 0.000000000000000000e+00 0.000000000000000000e+00 0.000000000000000000e+00 0.000000000000000000e+00 5.561277228565457698e-01 5.617691656570842351e-01 5.674584342301406403e-01 5.731958234516644213e-01 0.000000000000000000e+00 0.000000000000000000e+00 0.000000000000000000e+00 0.000000000000000000e+00 0.000000000000000000e+00 0.000000000000000000e+00 0.000000000000000000e+00 0.000000000000000000e+00 0.000000000000000000e+00
