upland/rainfall_series/rainfall_11.asc
ncols 76
nrows 55
xllcorner 0.0
yllcorner 0.0
cellsize 10.0
[rows 0 to 16 of 55, columns 37 to 73 of 76]
0.000000000000000000e+00 0.000000000000000000e+00 0.000000000000000000e+00 0.000000000000000000e+00 0.000000000000000000e+00 0.000000000000000000e+00 0.000000000000000000e+00 0.000000000000000000e+00 0.000000000000000000e+00 0.000000000000000000e+00 0.000000000000000000e+00 0.000000000000000000e+00 0.000000000000000000e+00 0.000000000000000000e+00 0.000000000000000000e+00 0.000000000000000000e+00 0.000000000000000000e+00 0.000000000000000000e+00 0.000000000000000000e+00 0.000000000000000000e+00 0.000000000000000000e+00 0.000000000000000000e+00 0.000000000000000000e+00 0.000000000000000000e+00 0.000000000000000000e+00 0.000000000000000000e+00 0.000000000000000000e+00 0.000000000000000000e+00 0.000000000000000000e+00 0.000000000000000000e+00 0.000000000000000000e+00 0.000000000000000000e+00 0.000000000000000000e+00 0.000000000000000000e+00 0.000000000000000000e+00 0.000000000000000000e+00 0.000000000000000000e+00
0.000000000000000000e+00 0.000000000000000000e+00 0.000000000000000000e+00 0.000000000000000000e+00 0.000000000000000000e+00 0.000000000000000000e+00 0.000000000000000000e+00 0.000000000000000000e+00 0.000000000000000000e+00 0.000000000000000000e+00 0.000000000000000000e+00 0.000000000000000000e+00 0.000000000000000000e+00 0.000000000000000000e+00 0.000000000000000000e+00 0.000000000000000000e+00 0.000000000000000000e+00 0.000000000000000000e+00 0.000000000000000000e+00 0.000000000000000000e+00 0.000000000000000000e+00 0.000000000000000000e+00 0.000000000000000000e+00 0.000000000000000000e+00 0.000000000000000000e+00 0.000000000000000000e+00 0.000000000000000000e+00 0.000000000000000000e+00 0.000000000000000000e+00 0.000000000000000000e+00 0.000000000000000000e+00 0.000000000000000000e+00 0.000000000000000000e+00 0.000000000000000000e+00 0.000000000000000000e+00 0.000000000000000000e+00 0.000000000000000000e+00
8.910191935818624555e-05 9.078147435161030209e-05 0.000000000000000000e+00 9.421695881620363252e-05 9.597337322538295606e-05 0.000000000000000000e+00 9.956475288419107774e-05 1.014001980448667726e-04 1.032624650167196853e-04 1.051517911033979019e-04 0.000000000000000000e+00 0.000000000000000000e+00 0.000000000000000000e+00 0.000000000000000000e+00 0.000000000000000000e+00 0.000000000000000000e+00 0.000000000000000000e+00 0.000000000000000000e+00 0.000000000000000000e+00 0.000000000000000000e+00 0.000000000000000000e+00 0.000000000000000000e+00 0.000000000000000000e+00 0.000000000000000000e+00 0.000000000000000000e+00 0.000000000000000000e+00 0.000000000000000000e+00 0.000000000000000000e+00 0.000000000000000000e+00 0.000000000000000000e+00 0.000000000000000000e+00 0.000000000000000000e+00 0.000000000000000000e+00 0.000000000000000000e+00 0.000000000000000000e+00 0.000000000000000000e+00 0.000000000000000000e+00
8.619750135873554837e-05 8.782230860049396854e-05 8.947166584846128552e-05 9.114580801484723318e-05 9.284496931813112611e-05 9.456938320585786940e-05 9.631928227625476298e-05 9.809489819868205673e-05 9.989646163292571334e-05 1.017242021473457007e-04 1.035783481358951152e-04 1.054591267340164776e-04 0.000000000000000000e+00 0.000000000000000000e+00 0.000000000000000000e+00 0.000000000000000000e+00 0.000000000000000000e+00 0.000000000000000000e+00 0.000000000000000000e+00 0.000000000000000000e+00 0.000000000000000000e+00 0.000000000000000000e+00 0.000000000000000000e+00 0.000000000000000000e+00 0.000000000000000000e+00 0.000000000000000000e+00 0.000000000000000000e+00 0.000000000000000000e+00 0.000000000000000000e+00 0.000000000000000000e+00 0.000000000000000000e+00 0.000000000000000000e+00 0.000000000000000000e+00 0.000000000000000000e+00 0.000000000000000000e+00 0.000000000000000000e+00 0.000000000000000000e+00
8.338209377387344103e-05 8.495383109411102317e-05 8.654931656119303133e-05 8.816877741455850963e-05 8.981244022257554242e-05 9.148053080785811537e-05 9.317327417144373762e-05 9.489089441584087794e-05 9.663361466695923909e-05 9.840165699493132689e-05 1.001952423338410352e-04 1.020145904003679339e-04 1.038599196113640513e-04 0.000000000000000000e+00 1.076293881331358564e-04 1.095539570220070789e-04 0.000000000000000000e+00 0.000000000000000000e+00 0.000000000000000000e+00 0.000000000000000000e+00 0.000000000000000000e+00 0.000000000000000000e+00 0.000000000000000000e+00 0.000000000000000000e+00 0.000000000000000000e+00 0.000000000000000000e+00 0.000000000000000000e+00 0.000000000000000000e+00 0.000000000000000000e+00 0.000000000000000000e+00 0.000000000000000000e+00 0.000000000000000000e+00 0.000000000000000000e+00 0.000000000000000000e+00 0.000000000000000000e+00 0.000000000000000000e+00 0.000000000000000000e+00
8.065316551822014407e-05 8.217346303658275058e-05 8.371673147269870555e-05 8.528319062891715516e-05 8.687305965847933516e-05 8.848655699327935922e-05 9.012390027052288855e-05 9.178530625829419982e-05 9.347099078004016213e-05 9.518116863798509577e-05 9.691605353548408866e-05 9.867585799833162978e-05 1.004607932950356833e-04 1.022710693560728161e-04 1.041068946921373751e-04 1.059684763114034447e-04 1.078560196358102630e-04 1.097697284163953019e-04 0.000000000000000000e+00 0.000000000000000000e+00 0.000000000000000000e+00 0.000000000000000000e+00 0.000000000000000000e+00 0.000000000000000000e+00 0.000000000000000000e+00 0.000000000000000000e+00 0.000000000000000000e+00 0.000000000000000000e+00 0.000000000000000000e+00 0.000000000000000000e+00 0.000000000000000000e+00 0.000000000000000000e+00 0.000000000000000000e+00 0.000000000000000000e+00 0.000000000000000000e+00 0.000000000000000000e+00 0.000000000000000000e+00
7.800825092796222205e-05 7.947869228678027019e-05 8.097135126228605735e-05 8.248644044869995540e-05 8.402417181242028245e-05 8.558475662215391314e-05 8.716840537798073874e-05 8.877532773936042034e-05 9.040573245209342892e-05 9.205982727424736364e-05 9.373781890105644928e-05 9.543991288881145175e-05 9.716631357774690992e-05 9.891722401394488755e-05 1.006928458702661418e-04 1.024933793663230331e-04 1.043190231875127164e-04 1.061699744031247353e-04 1.080464283835409767e-04 0.000000000000000000e+00 0.000000000000000000e+00 0.000000000000000000e+00 0.000000000000000000e+00 0.000000000000000000e+00 0.000000000000000000e+00 0.000000000000000000e+00 0.000000000000000000e+00 0.000000000000000000e+00 0.000000000000000000e+00 0.000000000000000000e+00 0.000000000000000000e+00 0.000000000000000000e+00 0.000000000000000000e+00 0.000000000000000000e+00 0.000000000000000000e+00 0.000000000000000000e+00 0.000000000000000000e+00
7.544494827861973586e-05 7.686707184815349256e-05 7.831068297729747976e-05 7.977598727455750447e-05 8.126318974124818295e-05 8.277249470391799383e-05 8.430410574574469164e-05 8.585822563690853441e-05 8.743505626395274457e-05 8.903479855814372553e-05 9.065765242283924683e-05 9.230381665987743211e-05 9.397348889500022442e-05 9.566686550232156088e-05 9.738414152785685883e-05 9.912551061212689129e-05 1.008911649118502145e-04 1.026812950207415485e-04 1.044960898894334859e-04 1.063357367445358121e-04 1.082004210068524685e-04 1.100903262087756879e-04 1.120056339108740245e-04 0.000000000000000000e+00 0.000000000000000000e+00 0.000000000000000000e+00 0.000000000000000000e+00 0.000000000000000000e+00 0.000000000000000000e+00 0.000000000000000000e+00 0.000000000000000000e+00 0.000000000000000000e+00 0.000000000000000000e+00 0.000000000000000000e+00 0.000000000000000000e+00 0.000000000000000000e+00 0.000000000000000000e+00
7.296091833001632561e-05 7.433621838627418063e-05 7.573229852281029829e-05 7.714935757845709494e-05 7.858759380484677665e-05 8.004720480106303183e-05 8.152838744729365883e-05 8.303133783749749104e-05 8.455625121108986154e-05 8.610332188366156929e-05 8.767274317673911241e-05 8.926470734659707135e-05 9.087940551213615360e-05 9.251702758183982930e-05 9.417776217982077908e-05 9.586179657097231943e-05 9.756931658524010649e-05 9.930050654102871421e-05 1.010555491677581980e-04 1.028346255275893871e-04 1.046379149363346159e-04 1.064655948835691268e-04 1.083178409519682721e-04 0.000000000000000000e+00 0.000000000000000000e+00 0.000000000000000000e+00 0.000000000000000000e+00 0.000000000000000000e+00 0.000000000000000000e+00 0.000000000000000000e+00 0.000000000000000000e+00 0.000000000000000000e+00 0.000000000000000000e+00 0.000000000000000000e+00 0.000000000000000000e+00 0.000000000000000000e+00 0.000000000000000000e+00
7.055388289814447345e-05 7.188381077377960519e-05 7.323383317925518418e-05 7.460414239356131713e-05 7.599493012786016737e-05 7.740638746229340733e-05 7.883870478182372838e-05 8.029207171112314704e-05 8.176667704851221428e-05 8.326270869896462896e-05 8.478035360618469578e-05 8.631979768376823938e-05 8.788122574545989009e-05 8.946482143452029402e-05 9.107076715221048429e-05 9.269924398541508413e-05 9.435043163340999309e-05 9.602450833379746022e-05 9.772165078761672994e-05 9.944203408365263571e-05 1.011858316219537969e-04 1.029532150365814115e-04 1.047443541176064390e-04 1.065594167323720339e-04 0.000000000000000000e+00 0.000000000000000000e+00 0.000000000000000000e+00 0.000000000000000000e+00 0.000000000000000000e+00 0.000000000000000000e+00 0.000000000000000000e+00 0.000000000000000000e+00 0.000000000000000000e+00 0.000000000000000000e+00 0.000000000000000000e+00 0.000000000000000000e+00 0.000000000000000000e+00
6.822162345360941339e-05 6.950758866239901501e-05 7.081298414762344725e-05 7.213799583221595490e-05 7.348280909005196746e-05 7.484760868484609394e-05 7.623257870811395252e-05 7.763790251621299765e-05 7.906376266646540738e-05 8.051034085237741009e-05 8.197781783796197609e-05 8.346637339117526878e-05 8.497618621647944569e-05 8.650743388654467080e-05 8.806029277309772416e-05 8.963493797693696853e-05 9.123154325712237364e-05 9.285028095935730843e-05 9.449132194357577565e-05 9.615483551075201612e-05 9.784098932894877258e-05 9.954994935861782000e-05 1.012818797771768180e-04 1.030369429028734496e-04 1.048152991179621618e-04 0.000000000000000000e+00 0.000000000000000000e+00 0.000000000000000000e+00 0.000000000000000000e+00 0.000000000000000000e+00 0.000000000000000000e+00 0.000000000000000000e+00 0.000000000000000000e+00 0.000000000000000000e+00 0.000000000000000000e+00 0.000000000000000000e+00 0.000000000000000000e+00
6.596197974634473700e-05 6.720535108174506057e-05 6.846750912194320593e-05 6.974863363171356903e-05 7.104890384495944947e-05 7.236849840563181130e-05 7.370759530774845410e-05 7.506637183451816161e-05 7.644500449658043963e-05 7.784366896937074988e-05 7.926254002961718960e-05 8.070179149098283332e-05 8.216159613886295265e-05 8.364212566434632969e-05 8.514355059735732021e-05 8.666604023898776031e-05 8.820976259303155078e-05 8.977488429673997114e-05 9.136157055080623441e-05 9.296998504860070906e-05 9.460028990466640337e-05 9.625264558249627426e-05 9.792721082160627910e-05 9.962414256392242563e-05 1.013435958795010918e-04 0.000000000000000000e+00 0.000000000000000000e+00 0.000000000000000000e+00 0.000000000000000000e+00 0.000000000000000000e+00 0.000000000000000000e+00 0.000000000000000000e+00 0.000000000000000000e+00 0.000000000000000000e+00 0.000000000000000000e+00 0.000000000000000000e+00 0.000000000000000000e+00
6.377284845627985540e-05 6.497495506454541224e-05 6.619522488869197753e-05 6.743383172750123272e-05 6.869094886650175006e-05 6.996674902084992894e-05 7.126140427733778347e-05 7.257508603553934504e-05 7.390796494809878333e-05 7.526021086017484186e-05 7.663199274804504389e-05 7.802347865688400743e-05 7.943483563772401419e-05 8.086622968360881027e-05 8.231782566495447545e-05 8.378978726412591299e-05 8.528227690924550740e-05 8.679545570724483288e-05 8.832948337617390017e-05 8.988451817678439447e-05 9.146071684339849195e-05 9.305823451408312273e-05 9.467722466014258246e-05 9.631783901495013286e-05 9.798022750213215750e-05 9.966453816312638046e-05 0.000000000000000000e+00 0.000000000000000000e+00 0.000000000000000000e+00 0.000000000000000000e+00 0.000000000000000000e+00 0.000000000000000000e+00 0.000000000000000000e+00 0.000000000000000000e+00 0.000000000000000000e+00 0.000000000000000000e+00 0.000000000000000000e+00
6.165218186964300140e-05 6.281431429799616984e-05 6.399400595282160717e-05 6.519142485349367373e-05 6.640673852320145654e-05 6.764011393372758795e-05 6.889171744938690247e-05 7.016171477012752027e-05 7.145027087380639212e-05 7.275754995764643429e-05 7.408371537888265308e-05 7.542892959460957829e-05 7.679335410083783903e-05 7.817714937077191635e-05 7.958047479231883067e-05 8.100348860484240068e-05 8.244634783517071732e-05 8.390920823287584707e-05 8.539222420483320484e-05 8.689554874908008504e-05 8.841933338798329840e-05 8.996372810073536229e-05 9.152888125519180798e-05 9.311493953906921502e-05 9.472204789051756624e-05 9.635034942808779401e-05 9.799998538011118760e-05 0.000000000000000000e+00 0.000000000000000000e+00 0.000000000000000000e+00 0.000000000000000000e+00 0.000000000000000000e+00 0.000000000000000000e+00 0.000000000000000000e+00 0.000000000000000000e+00 0.000000000000000000e+00 0.000000000000000000e+00
5.959798658058342204e-05 6.072139780090796753e-05 6.186178319006046264e-05 6.301930516916069431e-05 6.419412567967526029e-05 6.538640613003769513e-05 6.659630734145280851e-05 6.782398949289578669e-05 6.906961206530948575e-05 7.033333378501306263e-05 7.161531256632493907e-05 7.291570545341557541e-05 7.423466856139374060e-05 7.557235701664053557e-05 7.692892489640174112e-05 7.830452516764719077e-05 7.969930962521264584e-05 8.111342882923429636e-05 8.254703204188922343e-05 8.400026716345761191e-05 8.547328066771735201e-05 8.696621753668862102e-05 8.847922119474378668e-05 9.001243344209642857e-05 9.156599438768759736e-05 9.314004238148694363e-05 9.473471394622417986e-05 9.635014370857246456e-05 0.000000000000000000e+00 0.000000000000000000e+00 0.000000000000000000e+00 0.000000000000000000e+00 0.000000000000000000e+00 0.000000000000000000e+00 0.000000000000000000e+00 0.000000000000000000e+00 0.000000000000000000e+00
5.760832221778775159e-05 5.869422862632110580e-05 5.979654252516275568e-05 6.091542091304275774e-05 6.205102032505116429e-05 6.320349678103956133e-05 6.437300573323653276e-05 6.555970201308014089e-05 6.676373977728112489e-05 6.798527245311827393e-05 6.922445268297939907e-05 7.048143226815302637e-05 7.175636211188248035e-05 7.304939216169268452e-05 7.436067135099733627e-05 7.569034754000137754e-05 7.703856745590658090e-05 7.840547663243538931e-05 7.979121934868325537e-05 8.119593856731525494e-05 8.261977587211766835e-05 8.406287140492099534e-05 8.552536380190975884e-05 8.700739012933130835e-05 8.850908581862403307e-05 9.003058460097715496e-05 9.157201844134225423e-05 9.313351747191308866e-05 9.471520992509235479e-05 9.631722206596226405e-05 0.000000000000000000e+00 0.000000000000000000e+00 0.000000000000000000e+00 0.000000000000000000e+00 0.000000000000000000e+00 0.000000000000000000e+00 0.000000000000000000e+00
5.568130019577670207e-05 5.673088258926278977e-05 5.779632363577232246e-05 5.887777508236332106e-05 5.997538822796303650e-05 6.108931387349496832e-05 6.221970227124665707e-05 6.336670307348098825e-05 6.453046528030371314e-05 6.571113718678814222e-05 6.690886632937124100e-05 6.812379943152648183e-05 6.935608234872177270e-05 7.060586001267540586e-05 7.187327637491762911e-05 7.315847434966874961e-05 7.446159575604552024e-05 7.578278125960740948e-05 7.712217031325497912e-05 7.847990109749355655e-05 7.985611046007347715e-05 8.125093385502378345e-05 8.266450528109161873e-05 8.409695721960219598e-05 8.554842057175641827e-05 8.701902459538036713e-05 8.850889684114412819e-05 9.001816308826604096e-05 9.154694727972240327e-05 9.309537145697630500e-05 0.000000000000000000e+00 0.000000000000000000e+00 0.000000000000000000e+00 0.000000000000000000e+00 0.000000000000000000e+00 0.000000000000000000e+00 0.000000000000000000e+00
