upland/rainfall_series/rainfall_10.asc
ncols 76
nrows 55
xllcorner 0.0
yllcorner 0.0
cellsize 10.0
[rows 0 to 16 of 55, columns 37 to 73 of 76]
0.000000000000000000e+00 0.000000000000000000e+00 0.000000000000000000e+00 0.000000000000000000e+00 0.000000000000000000e+00 0.000000000000000000e+00 0.000000000000000000e+00 0.000000000000000000e+00 0.000000000000000000e+00 0.000000000000000000e+00 0.000000000000000000e+00 0.000000000000000000e+00 0.000000000000000000e+00 0.000000000000000000e+00 0.000000000000000000e+00 0.000000000000000000e+00 0.000000000000000000e+00 0.000000000000000000e+00 0.000000000000000000e+00 0.000000000000000000e+00 0.000000000000000000e+00 0.000000000000000000e+00 0.000000000000000000e+00 0.000000000000000000e+00 0.000000000000000000e+00 0.000000000000000000e+00 0.000000000000000000e+00 0.000000000000000000e+00 0.000000000000000000e+00 0.000000000000000000e+00 0.000000000000000000e+00 0.000000000000000000e+00 0.000000000000000000e+00 0.000000000000000000e+00 0.000000000000000000e+00 0.000000000000000000e+00 0.000000000000000000e+00
0.000000000000000000e+00 0.000000000000000000e+00 0.000000000000000000e+00 0.000000000000000000e+00 0.000000000000000000e+00 0.000000000000000000e+00 0.000000000000000000e+00 0.000000000000000000e+00 0.000000000000000000e+00 0.000000000000000000e+00 0.000000000000000000e+00 0.000000000000000000e+00 0.000000000000000000e+00 0.000000000000000000e+00 0.000000000000000000e+00 0.000000000000000000e+00 0.000000000000000000e+00 0.000000000000000000e+00 0.000000000000000000e+00 0.000000000000000000e+00 0.000000000000000000e+00 0.000000000000000000e+00 0.000000000000000000e+00 0.000000000000000000e+00 0.000000000000000000e+00 0.000000000000000000e+00 0.000000000000000000e+00 0.000000000000000000e+00 0.000000000000000000e+00 0.000000000000000000e+00 0.000000000000000000e+00 0.000000000000000000e+00 0.000000000000000000e+00 0.000000000000000000e+00 0.000000000000000000e+00 0.000000000000000000e+00 0.000000000000000000e+00
4.862240333153887484e+00 4.900706181501096381e+00 0.000000000000000000e+00 4.978244234872149399e+00 5.017316404411530151e+00 0.000000000000000000e+00 5.096066844779850058e+00 5.135745003150319121e+00 5.175625023619130793e+00 5.215706817233204617e+00 0.000000000000000000e+00 0.000000000000000000e+00 0.000000000000000000e+00 0.000000000000000000e+00 0.000000000000000000e+00 0.000000000000000000e+00 0.000000000000000000e+00 0.000000000000000000e+00 0.000000000000000000e+00 0.000000000000000000e+00 0.000000000000000000e+00 0.000000000000000000e+00 0.000000000000000000e+00 0.000000000000000000e+00 0.000000000000000000e+00 0.000000000000000000e+00 0.000000000000000000e+00 0.000000000000000000e+00 0.000000000000000000e+00 0.000000000000000000e+00 0.000000000000000000e+00 0.000000000000000000e+00 0.000000000000000000e+00 0.000000000000000000e+00 0.000000000000000000e+00 0.000000000000000000e+00 0.000000000000000000e+00
4.895664643200772659e+00 4.934394915836640472e+00 4.973328700609179975e+00 5.012465986039178034e+00 5.051806747877458648e+00 5.091350949006430149e+00 5.131098539342155540e+00 5.171049455737032119e+00 5.211203621883041315e+00 5.251560948215616698e+00 5.292121331818158581e+00 5.332884656327177453e+00 0.000000000000000000e+00 0.000000000000000000e+00 0.000000000000000000e+00 0.000000000000000000e+00 0.000000000000000000e+00 0.000000000000000000e+00 0.000000000000000000e+00 0.000000000000000000e+00 0.000000000000000000e+00 0.000000000000000000e+00 0.000000000000000000e+00 0.000000000000000000e+00 0.000000000000000000e+00 0.000000000000000000e+00 0.000000000000000000e+00 0.000000000000000000e+00 0.000000000000000000e+00 0.000000000000000000e+00 0.000000000000000000e+00 0.000000000000000000e+00 0.000000000000000000e+00 0.000000000000000000e+00 0.000000000000000000e+00 0.000000000000000000e+00 0.000000000000000000e+00
4.929216744926662841e+00 4.968212452828635328e+00 5.007413067623751601e+00 5.046818577754118351e+00 5.086428958804368961e+00 5.126244173402531246e+00 5.166264171121421889e+00 5.206488888380659930e+00 5.246918248349248692e+00 5.287552160848807858e+00 5.328390522257402395e+00 5.369433215414046501e+00 5.410680109523870129e+00 0.000000000000000000e+00 5.493785908689958752e+00 5.535644483143208561e+00 0.000000000000000000e+00 0.000000000000000000e+00 0.000000000000000000e+00 0.000000000000000000e+00 0.000000000000000000e+00 0.000000000000000000e+00 0.000000000000000000e+00 0.000000000000000000e+00 0.000000000000000000e+00 0.000000000000000000e+00 0.000000000000000000e+00 0.000000000000000000e+00 0.000000000000000000e+00 0.000000000000000000e+00 0.000000000000000000e+00 0.000000000000000000e+00 0.000000000000000000e+00 0.000000000000000000e+00 0.000000000000000000e+00 0.000000000000000000e+00 0.000000000000000000e+00
4.962896121161294971e+00 5.002158271215428442e+00 5.041626728209950947e+00 5.081301480508003010e+00 5.121182503527398566e+00 5.161269759640816801e+00 5.201563198076524230e+00 5.242062754819721171e+00 5.282768352514458421e+00 5.323679900366198758e+00 5.364797294045001053e+00 5.406120415589366068e+00 5.447649133310753733e+00 5.489383301698795847e+00 5.531322761327191806e+00 5.573467338760350387e+00 5.615816846460770506e+00 5.658371082697172483e+00 0.000000000000000000e+00 0.000000000000000000e+00 0.000000000000000000e+00 0.000000000000000000e+00 0.000000000000000000e+00 0.000000000000000000e+00 0.000000000000000000e+00 0.000000000000000000e+00 0.000000000000000000e+00 0.000000000000000000e+00 0.000000000000000000e+00 0.000000000000000000e+00 0.000000000000000000e+00 0.000000000000000000e+00 0.000000000000000000e+00 0.000000000000000000e+00 0.000000000000000000e+00 0.000000000000000000e+00 0.000000000000000000e+00
4.996702243269439236e+00 5.036231838179669573e+00 5.075969145346350686e+00 5.115914153053353175e+00 5.156066836551041810e+00 5.196427157955785248e+00 5.236995066150009315e+00 5.277770496682857804e+00 5.318753371671447461e+00 5.359943599702771344e+00 5.401341075736221242e+00 5.442945681006766456e+00 5.484757282928833355e+00 5.526775735000867051e+00 5.569000876710596515e+00 5.611432533441027104e+00 5.654070516377197819e+00 5.696914622413673968e+00 5.739964634062841853e+00 0.000000000000000000e+00 0.000000000000000000e+00 0.000000000000000000e+00 0.000000000000000000e+00 0.000000000000000000e+00 0.000000000000000000e+00 0.000000000000000000e+00 0.000000000000000000e+00 0.000000000000000000e+00 0.000000000000000000e+00 0.000000000000000000e+00 0.000000000000000000e+00 0.000000000000000000e+00 0.000000000000000000e+00 0.000000000000000000e+00 0.000000000000000000e+00 0.000000000000000000e+00 0.000000000000000000e+00
5.030634571116432419e+00 5.070432609313625605e+00 5.110439770329684883e+00 5.150656042368916943e+00 5.191081400513611221e+00 5.231715806622871945e+00 5.272559209231991062e+00 5.313611543452428698e+00 5.354872730872401121e+00 5.396342679458125069e+00 5.438021283455664268e+00 5.479908423293457176e+00 5.522003965485557053e+00 5.564307762535525725e+00 5.606819652841052104e+00 5.649539460599334539e+00 5.692466995713178157e+00 5.735602053697871128e+00 5.778944415588854078e+00 5.822493847850187088e+00 5.866250102283836476e+00 5.910212915939786704e+00 5.954382011027047561e+00 0.000000000000000000e+00 0.000000000000000000e+00 0.000000000000000000e+00 0.000000000000000000e+00 0.000000000000000000e+00 0.000000000000000000e+00 0.000000000000000000e+00 0.000000000000000000e+00 0.000000000000000000e+00 0.000000000000000000e+00 0.000000000000000000e+00 0.000000000000000000e+00 0.000000000000000000e+00 0.000000000000000000e+00
5.064692553034721101e+00 5.104760028585420883e+00 5.145038042740821993e+00 5.185526583625381214e+00 5.226225626152684711e+00 5.267135131923622815e+00 5.308255049125063074e+00 5.349585312429159245e+00 5.391125842893279341e+00 5.432876547860553629e+00 5.474837320861077217e+00 5.517008041513783212e+00 5.559388575429004220e+00 5.601978774111735504e+00 5.644778474865604245e+00 5.687787500697593757e+00 5.731005660223533305e+00 5.774432747574325120e+00 5.818068542302996526e+00 5.861912809292542548e+00 5.905965298664595409e+00 5.950225745688946688e+00 5.994693870693915017e+00 0.000000000000000000e+00 0.000000000000000000e+00 0.000000000000000000e+00 0.000000000000000000e+00 0.000000000000000000e+00 0.000000000000000000e+00 0.000000000000000000e+00 0.000000000000000000e+00 0.000000000000000000e+00 0.000000000000000000e+00 0.000000000000000000e+00 0.000000000000000000e+00 0.000000000000000000e+00 0.000000000000000000e+00
5.098875625791318811e+00 5.139213528306258993e+00 5.179763390411751267e+00 5.220525200152092538e+00 5.261498932271561735e+00 5.302684548111877838e+00 5.344081995510208571e+00 5.385691208697796384e+00 5.427512108199191943e+00 5.469544600732164419e+00 5.511788579108215735e+00 5.554243922133785816e+00 5.596910494512174594e+00 5.639788146746141706e+00 5.682876715041227378e+00 5.726176021209843370e+00 5.769685872576110874e+00 5.813406061881461362e+00 5.857336367191053661e+00 5.901476551801025039e+00 5.945826364146496346e+00 5.990385537710515074e+00 6.035153790933827977e+00 6.080130827125521442e+00 0.000000000000000000e+00 0.000000000000000000e+00 0.000000000000000000e+00 0.000000000000000000e+00 0.000000000000000000e+00 0.000000000000000000e+00 0.000000000000000000e+00 0.000000000000000000e+00 0.000000000000000000e+00 0.000000000000000000e+00 0.000000000000000000e+00 0.000000000000000000e+00 0.000000000000000000e+00
5.133183214556304996e+00 5.173792529098657944e+00 5.214615229393523954e+00 5.255651303404759389e+00 5.296900725706709778e+00 5.338363457380984833e+00 5.380039445913772589e+00 5.421928625093791254e+00 5.464030914910855685e+00 5.506346221455074463e+00 5.548874436816744193e+00 5.591615438986857534e+00 5.634569091758375947e+00 5.677735244628171252e+00 5.721113732699699916e+00 5.764704376586444745e+00 5.808506982316115952e+00 5.852521341235611629e+00 5.896747229916814881e+00 5.941184410063200083e+00 5.985832628417257162e+00 6.030691616668776511e+00 6.075761091364042521e+00 6.121040753815872648e+00 6.166530290014571314e+00 0.000000000000000000e+00 0.000000000000000000e+00 0.000000000000000000e+00 0.000000000000000000e+00 0.000000000000000000e+00 0.000000000000000000e+00 0.000000000000000000e+00 0.000000000000000000e+00 0.000000000000000000e+00 0.000000000000000000e+00 0.000000000000000000e+00 0.000000000000000000e+00
5.167614732872253924e+00 5.208496439865649030e+00 5.249592963925254985e+00 5.290904292934191844e+00 5.332430401296264222e+00 5.374171249832027542e+00 5.416126785675424493e+00 5.458296942171058319e+00 5.500681638772055848e+00 5.543280780938625085e+00 5.586094260037230086e+00 5.629121953240481702e+00 5.672363723427708670e+00 5.715819419086265007e+00 5.759488874213544385e+00 5.803371908219763675e+00 5.847468325831540525e+00 5.891777916996202791e+00 5.936300456786966606e+00 5.981035705308893391e+00 6.025983407605715492e+00 6.071143293567496713e+00 6.116515077839218328e+00 6.162098459730212419e+00 6.207893123124520685e+00 0.000000000000000000e+00 0.000000000000000000e+00 0.000000000000000000e+00 0.000000000000000000e+00 0.000000000000000000e+00 0.000000000000000000e+00 0.000000000000000000e+00 0.000000000000000000e+00 0.000000000000000000e+00 0.000000000000000000e+00 0.000000000000000000e+00 0.000000000000000000e+00
5.202169582624707189e+00 5.243324657761007757e+00 5.284695986404090995e+00 5.326283556356049331e+00 5.368087341849528293e+00 5.410107303443104421e+00 5.452343387917216511e+00 5.494795528170747012e+00 5.537463643118228696e+00 5.580347637587696141e+00 5.623447402219203362e+00 5.666762813364035978e+00 5.710293732984628612e+00 5.754040008555194596e+00 5.798001472963092873e+00 5.842177944410988033e+00 5.886569226319731563e+00 5.931175107232069976e+00 5.975995360717176297e+00 6.021029745275983558e+00 6.066278004247375399e+00 6.111739865715247966e+00 6.157415042416469753e+00 6.203303231649703875e+00 6.249404115185190456e+00 6.295717359175452721e+00 0.000000000000000000e+00 0.000000000000000000e+00 0.000000000000000000e+00 0.000000000000000000e+00 0.000000000000000000e+00 0.000000000000000000e+00 0.000000000000000000e+00 0.000000000000000000e+00 0.000000000000000000e+00 0.000000000000000000e+00 0.000000000000000000e+00
5.236847154013641870e+00 5.278276568160499949e+00 5.319923677356233505e+00 5.361788469321621342e+00 5.403870918117549493e+00 5.446170984039667928e+00 5.488688613513667214e+00 5.531423738991125383e+00 5.574376278846066235e+00 5.617546137272105611e+00 5.660933204180310874e+00 5.704537355097725637e+00 5.748358451066626351e+00 5.792396338544493872e+00 5.836650849304720445e+00 5.881121800338105388e+00 5.925808993755111942e+00 5.970712216688914609e+00 6.015831241199305346e+00 6.061165824177388473e+00 6.106715707251141545e+00 6.152480616691883952e+00 6.198460263321584840e+00 6.244654342421107174e+00 6.291062533639379062e+00 6.337684500903502105e+00 6.384519892329827861e+00 0.000000000000000000e+00 0.000000000000000000e+00 0.000000000000000000e+00 0.000000000000000000e+00 0.000000000000000000e+00 0.000000000000000000e+00 0.000000000000000000e+00 0.000000000000000000e+00 0.000000000000000000e+00 0.000000000000000000e+00
5.271646825525955649e+00 5.313351544634150159e+00 5.355275405408996825e+00 5.397418395489680165e+00 5.439780488764708544e+00 5.482361645265900307e+00 5.525161811062932138e+00 5.568180918158513570e+00 5.611418884384248074e+00 5.654875613297106085e+00 5.698550994076592602e+00 5.742444901422611991e+00 5.786557195454047786e+00 5.830887721608057461e+00 5.875436310540149698e+00 5.920202778024998835e+00 5.965186924858053352e+00 6.010388536757965916e+00 6.055807384269817462e+00 6.101443222669223232e+00 6.147295791867233739e+00 6.193364816316206500e+00 6.239650004916469150e+00 6.286151050923979078e+00 6.332867631858881907e+00 6.379799409415026545e+00 6.426946029370439462e+00 6.474307121498794615e+00 0.000000000000000000e+00 0.000000000000000000e+00 0.000000000000000000e+00 0.000000000000000000e+00 0.000000000000000000e+00 0.000000000000000000e+00 0.000000000000000000e+00 0.000000000000000000e+00 0.000000000000000000e+00
5.306567963908994656e+00 5.348548948919554569e+00 5.390750527263907799e+00 5.433172686499348814e+00 5.475815400341428330e+00 5.518678628557191601e+00 5.561762316859063304e+00 5.605066396799319506e+00 5.648590785665254188e+00 5.692335386374965722e+00 5.736300087373847667e+00 5.780484762531774123e+00 5.824889271041007177e+00 5.869513457314837090e+00 5.914357150886968562e+00 5.959420166311710787e+00 6.004702303064918034e+00 6.050203345445763325e+00 6.095923062479354115e+00 6.141861207820159763e+00 6.188017519656322740e+00 6.234391720614871346e+00 6.280983517667802829e+00 6.327792602039101766e+00 6.374818649112691915e+00 6.422061318341371283e+00 6.469520253156679779e+00 6.517195080879798930e+00 6.565085412633448136e+00 6.613190843254804996e+00 0.000000000000000000e+00 0.000000000000000000e+00 0.000000000000000000e+00 0.000000000000000000e+00 0.000000000000000000e+00 0.000000000000000000e+00 0.000000000000000000e+00
5.341609924145120480e+00 5.383868130896250825e+00 5.426348387670860696e+00 5.469050681944086278e+00 5.511974987257898917e+00 5.555121263113669272e+00 5.598489454865337223e+00 5.642079493613178620e+00 5.685891296098294134e+00 5.729924764597702946e+00 5.774179786820147875e+00 5.818656235802597720e+00 5.863353969807494792e+00 5.908272832220704096e+00 5.953412651450267212e+00 5.998773240825888919e+00 6.044354398499262260e+00 6.090155907345188524e+00 6.136177534863519689e+00 6.182419033081986370e+00 6.228880138459853555e+00 6.275560571792516029e+00 6.322460038116954451e+00 6.369578226618147099e+00 6.416914810536423097e+00 6.464469447075764208e+00 6.512241777313119151e+00 6.560231426108670938e+00 6.608438002017189561e+00 6.656861097200358124e+00 0.000000000000000000e+00 0.000000000000000000e+00 0.000000000000000000e+00 0.000000000000000000e+00 0.000000000000000000e+00 0.000000000000000000e+00 0.000000000000000000e+00
