upland/rainfall_series/rainfall_3.asc
ncols 76
nrows 55
xllcorner 0.0
yllcorner 0.0
cellsize 10.0
[rows 0 to 16 of 55, columns 37 to 73 of 76]
0.000000000000000000e+00 0.000000000000000000e+00 0.000000000000000000e+00 0.000000000000000000e+00 0.000000000000000000e+00 0.000000000000000000e+00 0.000000000000000000e+00 0.000000000000000000e+00 0.000000000000000000e+00 0.000000000000000000e+00 0.000000000000000000e+00 0.000000000000000000e+00 0.000000000000000000e+00 0.000000000000000000e+00 0.000000000000000000e+00 0.000000000000000000e+00 0.000000000000000000e+00 0.000000000000000000e+00 0.000000000000000000e+00 0.000000000000000000e+00 0.000000000000000000e+00 0.000000000000000000e+00 0.000000000000000000e+00 0.000000000000000000e+00 0.000000000000000000e+00 0.000000000000000000e+00 0.000000000000000000e+00 0.000000000000000000e+00 0.000000000000000000e+00 0.000000000000000000e+00 0.000000000000000000e+00 0.000000000000000000e+00 0.000000000000000000e+00 0.000000000000000000e+00 0.000000000000000000e+00 0.000000000000000000e+00 0.000000000000000000e+00
0.000000000000000000e+00 0.000000000000000000e+00 0.000000000000000000e+00 0.000000000000000000e+00 0.000000000000000000e+00 0.000000000000000000e+00 0.000000000000000000e+00 0.000000000000000000e+00 0.000000000000000000e+00 0.000000000000000000e+00 0.000000000000000000e+00 0.000000000000000000e+00 0.000000000000000000e+00 0.000000000000000000e+00 0.000000000000000000e+00 0.000000000000000000e+00 0.000000000000000000e+00 0.000000000000000000e+00 0.000000000000000000e+00 0.000000000000000000e+00 0.000000000000000000e+00 0.000000000000000000e+00 0.000000000000000000e+00 0.000000000000000000e+00 0.000000000000000000e+00 0.000000000000000000e+00 0.000000000000000000e+00 0.000000000000000000e+00 0.000000000000000000e+00 0.000000000000000000e+00 0.000000000000000000e+00 0.000000000000000000e+00 0.000000000000000000e+00 0.000000000000000000e+00 0.000000000000000000e+00 0.000000000000000000e+00 0.000000000000000000e+00
2.921641875911089592e+00 2.924839937122631905e+00 0.000000000000000000e+00 2.931176239351916291e+00 2.934314335767553850e+00 0.000000000000000000e+00 2.940530060721969985e+00 2.943607547091225296e+00 2.946664688627387285e+00 2.949701415277563576e+00 0.000000000000000000e+00 0.000000000000000000e+00 0.000000000000000000e+00 0.000000000000000000e+00 0.000000000000000000e+00 0.000000000000000000e+00 0.000000000000000000e+00 0.000000000000000000e+00 0.000000000000000000e+00 0.000000000000000000e+00 0.000000000000000000e+00 0.000000000000000000e+00 0.000000000000000000e+00 0.000000000000000000e+00 0.000000000000000000e+00 0.000000000000000000e+00 0.000000000000000000e+00 0.000000000000000000e+00 0.000000000000000000e+00 0.000000000000000000e+00 0.000000000000000000e+00 0.000000000000000000e+00 0.000000000000000000e+00 0.000000000000000000e+00 0.000000000000000000e+00 0.000000000000000000e+00 0.000000000000000000e+00
2.914777576136128534e+00 2.917968123609920639e+00 2.921138801978086175e+00 2.924289538909247366e+00 2.927420262472415935e+00 2.930530901139722921e+00 2.933621383789144943e+00 2.936691639707206480e+00 2.939741598591677718e+00 2.942771190554254623e+00 2.945780346123224369e+00 2.948768996246117879e+00 0.000000000000000000e+00 0.000000000000000000e+00 0.000000000000000000e+00 0.000000000000000000e+00 0.000000000000000000e+00 0.000000000000000000e+00 0.000000000000000000e+00 0.000000000000000000e+00 0.000000000000000000e+00 0.000000000000000000e+00 0.000000000000000000e+00 0.000000000000000000e+00 0.000000000000000000e+00 0.000000000000000000e+00 0.000000000000000000e+00 0.000000000000000000e+00 0.000000000000000000e+00 0.000000000000000000e+00 0.000000000000000000e+00 0.000000000000000000e+00 0.000000000000000000e+00 0.000000000000000000e+00 0.000000000000000000e+00 0.000000000000000000e+00 0.000000000000000000e+00
2.907906148116647049e+00 2.911089174050035311e+00 2.914252377718121512e+00 2.917395686960045698e+00 2.920519030014392836e+00 2.923622335521916860e+00 2.926705532528260711e+00 2.929768550486652412e+00 2.932811319260596239e+00 2.935833769126544812e+00 2.938835830776561409e+00 2.941817435320964069e+00 2.944778514290961269e+00 0.000000000000000000e+00 2.950638823752708806e+00 2.953537919434811698e+00 0.000000000000000000e+00 0.000000000000000000e+00 0.000000000000000000e+00 0.000000000000000000e+00 0.000000000000000000e+00 0.000000000000000000e+00 0.000000000000000000e+00 0.000000000000000000e+00 0.000000000000000000e+00 0.000000000000000000e+00 0.000000000000000000e+00 0.000000000000000000e+00 0.000000000000000000e+00 0.000000000000000000e+00 0.000000000000000000e+00 0.000000000000000000e+00 0.000000000000000000e+00 0.000000000000000000e+00 0.000000000000000000e+00 0.000000000000000000e+00 0.000000000000000000e+00
2.901027718433773828e+00 2.904203215162659557e+00 2.907358936514297110e+00 2.910494810498516216e+00 2.913610765523648727e+00 2.916706730399244218e+00 2.919782634338781158e+00 2.922838406962361635e+00 2.925873978299390998e+00 2.928889278791249051e+00 2.931884239293941263e+00 2.934858791080738882e+00 2.937812865844807941e+00 2.940746395701818727e+00 2.943659313192546367e+00 2.946551551285450543e+00 2.949423043379248544e+00 2.952273723305467001e+00 0.000000000000000000e+00 0.000000000000000000e+00 0.000000000000000000e+00 0.000000000000000000e+00 0.000000000000000000e+00 0.000000000000000000e+00 0.000000000000000000e+00 0.000000000000000000e+00 0.000000000000000000e+00 0.000000000000000000e+00 0.000000000000000000e+00 0.000000000000000000e+00 0.000000000000000000e+00 0.000000000000000000e+00 0.000000000000000000e+00 0.000000000000000000e+00 0.000000000000000000e+00 0.000000000000000000e+00 0.000000000000000000e+00
2.894142413537506009e+00 2.897310373536206018e+00 2.900458605092576914e+00 2.903587036387310416e+00 2.906695595998654458e+00 2.909784212905120793e+00 2.912852816488193941e+00 2.915901336535015265e+00 2.918929703241059936e+00 2.921937847212796591e+00 2.924925699470337204e+00 2.927893191450070098e+00 2.930840255007280071e+00 2.933766822418756082e+00 2.936672826385377189e+00 2.939558200034700253e+00 2.942422876923511232e+00 2.945266791040382248e+00 2.948089876808201559e+00 0.000000000000000000e+00 0.000000000000000000e+00 0.000000000000000000e+00 0.000000000000000000e+00 0.000000000000000000e+00 0.000000000000000000e+00 0.000000000000000000e+00 0.000000000000000000e+00 0.000000000000000000e+00 0.000000000000000000e+00 0.000000000000000000e+00 0.000000000000000000e+00 0.000000000000000000e+00 0.000000000000000000e+00 0.000000000000000000e+00 0.000000000000000000e+00 0.000000000000000000e+00 0.000000000000000000e+00
2.887250359742986827e+00 2.890410775624083772e+00 2.893551510043774311e+00 2.896672491353782686e+00 2.899773648302435891e+00 2.902854910037377945e+00 2.905916206108259292e+00 2.908957466469428432e+00 2.911978621482589347e+00 2.914979601919463814e+00 2.917960338964431077e+00 2.920920764217156407e+00 2.923860809695201457e+00 2.926780407836630626e+00 2.929679491502588995e+00 2.932557993979879374e+00 2.935415848983517151e+00 2.938252990659270480e+00 2.941069353586192925e+00 2.943864872779129893e+00 2.946639483691219752e+00 2.949393122216376728e+00 2.952125724691754272e+00 0.000000000000000000e+00 0.000000000000000000e+00 0.000000000000000000e+00 0.000000000000000000e+00 0.000000000000000000e+00 0.000000000000000000e+00 0.000000000000000000e+00 0.000000000000000000e+00 0.000000000000000000e+00 0.000000000000000000e+00 0.000000000000000000e+00 0.000000000000000000e+00 0.000000000000000000e+00 0.000000000000000000e+00
2.880351683226785031e+00 2.883504547740974200e+00 2.886637777819827111e+00 2.889751301986259957e+00 2.892845049158846660e+00 2.895918948654520708e+00 2.898972930191268116e+00 2.902006923890797285e+00 2.905020860281205319e+00 2.908014670299623461e+00 2.910988285294858091e+00 2.913941637030006415e+00 2.916874657685065042e+00 2.919787279859526574e+00 2.922679436574957101e+00 2.925551061277559040e+00 2.928402087840727752e+00 2.931232450567581083e+00 2.934042084193485778e+00 2.936830923888559930e+00 2.939598905260168760e+00 2.942345964355396859e+00 2.945072037663512443e+00 0.000000000000000000e+00 0.000000000000000000e+00 0.000000000000000000e+00 0.000000000000000000e+00 0.000000000000000000e+00 0.000000000000000000e+00 0.000000000000000000e+00 0.000000000000000000e+00 0.000000000000000000e+00 0.000000000000000000e+00 0.000000000000000000e+00 0.000000000000000000e+00 0.000000000000000000e+00 0.000000000000000000e+00
2.873446510023196510e+00 2.876591816059132611e+00 2.879717534730088069e+00 2.882823594730332672e+00 2.885909925148846700e+00 2.888976455472017424e+00 2.892023115586316084e+00 2.895049835780975744e+00 2.898056546750640283e+00 2.901043179598008503e+00 2.904009665836466247e+00 2.906955937392697642e+00 2.909881926609285241e+00 2.912787566247305726e+00 2.915672789488893635e+00 2.918537529939804642e+00 2.921381721631960637e+00 2.924205299025977034e+00 2.927008197013682533e+00 2.929790350920613129e+00 2.932551696508506112e+00 2.935292169977762100e+00 2.938011707969907516e+00 2.940710247570027747e+00 0.000000000000000000e+00 0.000000000000000000e+00 0.000000000000000000e+00 0.000000000000000000e+00 0.000000000000000000e+00 0.000000000000000000e+00 0.000000000000000000e+00 0.000000000000000000e+00 0.000000000000000000e+00 0.000000000000000000e+00 0.000000000000000000e+00 0.000000000000000000e+00 0.000000000000000000e+00
2.866534966020553465e+00 2.869672706604690315e+00 2.872790906937629174e+00 2.875889495885153746e+00 2.878968402706806096e+00 2.882027557058580935e+00 2.885066888995595935e+00 2.888086328974759809e+00 2.891085807857417311e+00 2.894065256911988016e+00 2.897024607816587771e+00 2.899963792661639506e+00 2.902882743952464928e+00 2.905781394611869128e+00 2.908659677982705194e+00 2.911517527830428609e+00 2.914354878345633892e+00 2.917171664146580135e+00 2.919967820281702320e+00 2.922743282232098672e+00 2.925497985914018440e+00 2.928231867681322598e+00 2.930944864327931665e+00 2.933636913090264642e+00 2.936307951649652193e+00 0.000000000000000000e+00 0.000000000000000000e+00 0.000000000000000000e+00 0.000000000000000000e+00 0.000000000000000000e+00 0.000000000000000000e+00 0.000000000000000000e+00 0.000000000000000000e+00 0.000000000000000000e+00 0.000000000000000000e+00 0.000000000000000000e+00 0.000000000000000000e+00
2.859617176957556239e+00 2.862747345253982445e+00 2.865858020455564148e+00 2.868949131599752178e+00 2.872020608116807594e+00 2.875072379832484870e+00 2.878104376970698208e+00 2.881116530156185185e+00 2.884108770417142420e+00 2.887081029187859471e+00 2.890033238311331409e+00 2.892965330041867844e+00 2.895877237047675301e+00 2.898768892413434717e+00 2.901640229642863833e+00 2.904491182661260051e+00 2.907321685818036183e+00 2.910131673889237103e+00 2.912921082080043078e+00 2.915689846027256671e+00 2.918437901801780310e+00 2.921165185911070772e+00 2.923871635301584782e+00 2.926557187361206402e+00 2.929221779921660662e+00 0.000000000000000000e+00 0.000000000000000000e+00 0.000000000000000000e+00 0.000000000000000000e+00 0.000000000000000000e+00 0.000000000000000000e+00 0.000000000000000000e+00 0.000000000000000000e+00 0.000000000000000000e+00 0.000000000000000000e+00 0.000000000000000000e+00 0.000000000000000000e+00
2.852693268419613126e+00 2.855815857729884222e+00 2.858919001143378935e+00 2.862002627869367100e+00 2.865066667508978870e+00 2.868111050057879030e+00 2.871135705908930191e+00 2.874140565854844009e+00 2.877125561090817740e+00 2.880090623217156143e+00 2.883035684241883168e+00 2.885960676583337214e+00 2.888865533072752623e+00 2.891750186956832724e+00 2.894614571900298916e+00 2.897458621988433958e+00 2.900282271729608841e+00 2.903085456057793223e+00 2.905868110335052990e+00 2.908630170354032263e+00 2.911371572340421654e+00 2.914092252955411411e+00 2.916792149298128134e+00 2.919471198908056397e+00 2.922129339767448375e+00 2.924766510303712597e+00 0.000000000000000000e+00 0.000000000000000000e+00 0.000000000000000000e+00 0.000000000000000000e+00 0.000000000000000000e+00 0.000000000000000000e+00 0.000000000000000000e+00 0.000000000000000000e+00 0.000000000000000000e+00 0.000000000000000000e+00 0.000000000000000000e+00
2.845763365835198400e+00 2.848878369598165428e+00 2.851973974703283510e+00 2.855050110531791141e+00 2.858106706855834123e+00 2.861143693841135871e+00 2.864161002049651739e+00 2.867158562442214897e+00 2.870136306381167568e+00 2.873094165632973596e+00 2.876032072370825698e+00 2.878949959177236728e+00 2.881847759046610058e+00 2.884725405387808639e+00 2.887582832026698743e+00 2.890419973208687487e+00 2.893236763601240824e+00 2.896033138296389975e+00 2.898809032813222331e+00 2.901564383100357247e+00 2.904299125538410298e+00 2.907013196942436650e+00 2.909706534564364233e+00 2.912379076095411357e+00 2.915030759668485238e+00 2.917661523860570760e+00 2.920271307695096130e+00 0.000000000000000000e+00 0.000000000000000000e+00 0.000000000000000000e+00 0.000000000000000000e+00 0.000000000000000000e+00 0.000000000000000000e+00 0.000000000000000000e+00 0.000000000000000000e+00 0.000000000000000000e+00 0.000000000000000000e+00
2.838827594472224991e+00 2.841935006263859087e+00 2.845023066676576562e+00 2.848091705263731122e+00 2.851140851968628986e+00 2.854170437127196092e+00 2.857180391470622638e+00 2.860170646128008531e+00 2.863141132628979513e+00 2.866091782906301066e+00 2.869022529298474566e+00 2.871933304552324095e+00 2.874824041825562393e+00 2.877694674689348364e+00 2.880545137130831712e+00 2.883375363555677584e+00 2.886185288790580561e+00 2.888974848085768876e+00 2.891743977117485098e+00 2.894492611990455710e+00 2.897220689240350477e+00 2.899928145836220938e+00 2.902614919182926911e+00 2.905280947123547453e+00 2.907926167941772722e+00 2.910550520364290517e+00 2.913153943563142612e+00 2.915736377158080650e+00 0.000000000000000000e+00 0.000000000000000000e+00 0.000000000000000000e+00 0.000000000000000000e+00 0.000000000000000000e+00 0.000000000000000000e+00 0.000000000000000000e+00 0.000000000000000000e+00 0.000000000000000000e+00
2.831886079434432268e+00 2.834985892967643917e+00 2.838066402440024838e+00 2.841127537577184281e+00 2.844169228493733659e+00 2.847191405695938649e+00 2.850194000084369517e+00 2.853176942956527462e+00 2.856140166009462078e+00 2.859083601342376824e+00 2.862007181459222060e+00 2.864910839271267218e+00 2.867794508099668516e+00 2.870658121678018038e+00 2.873501614154879036e+00 2.876324920096308801e+00 2.879127974488364217e+00 2.881910712739600200e+00 2.884673070683542395e+00 2.887414984581156308e+00 2.890136391123294679e+00 2.892837227433131986e+00 2.895517431068586500e+00 2.898176940024722370e+00 2.900815692736140594e+00 2.903433628079354012e+00 2.906030685375140976e+00 2.908606804390895917e+00 2.911161925342950152e+00 2.913695988898884259e+00 0.000000000000000000e+00 0.000000000000000000e+00 0.000000000000000000e+00 0.000000000000000000e+00 0.000000000000000000e+00 0.000000000000000000e+00 0.000000000000000000e+00
2.824938945657789358e+00 2.828031154782244538e+00 2.831104107202257136e+00 2.834157732815830943e+00 2.837191961909018456e+00 2.840206725158567647e+00 2.843201953634561630e+00 2.846177578803040120e+00 2.849133532528614232e+00 2.852069747077060402e+00 2.854986155117907654e+00 2.857882689727007541e+00 2.860759284389091661e+00 2.863615873000314949e+00 2.866452389870786099e+00 2.869268769727085111e+00 2.872064947714758620e+00 2.874840859400817017e+00 2.877596440776197806e+00 2.880331628258230303e+00 2.883046358693075017e+00 2.885740569358155927e+00 2.888414197964572327e+00 2.891067182659498691e+00 2.893699462028566760e+00 2.896310975098235652e+00 2.898901661338142421e+00 2.901471460663441526e+00 2.904020313437126077e+00 2.906548160472328668e+00 0.000000000000000000e+00 0.000000000000000000e+00 0.000000000000000000e+00 0.000000000000000000e+00 0.000000000000000000e+00 0.000000000000000000e+00 0.000000000000000000e+00
