upland/rainfall_series/rainfall_4.asc
ncols 76
nrows 55
xllcorner 0.0
yllcorner 0.0
cellsize 10.0
[rows 17 to 33 of 55, columns 37 to 73 of 76]
5.069358050445103459e+00 5.044311541244455022e+00 5.019176411239545388e+00 4.993955223645510699e+00 4.968650539747378581e+00 4.943264918477389358e+00 4.917800915994947175e+00 4.892261085269295151e+00 4.866647975665003401e+00 4.840964132530358732e+00 4.815212096788757279e+00 4.789394404533164007e+00 4.763513586623756346e+00 4.737572168288808783e+00 4.711572668728916113e+00 4.685517600724638854e+00 4.659409470247650731e+00 4.633250776075450439e+00 4.607044009409748675e+00 4.580791653498572202e+00 4.554496183262185305e+00 4.528160064922885475e+00 4.501785755638756825e+00 4.475375703141438066e+00 4.448932345377987652e+00 4.422458110156904709e+00 4.395955414798368821e+00 4.369426665788770592e+00 4.342874258439586299e+00 4.316300576550664125e+00 4.289707992077978815e+00 4.263098864805898280e+00 4.236475542024049190e+00 4.209840358208797539e+00 4.183195634709422350e+00 4.156543679439021588e+00 4.129886786570206247e+00
5.053363069498949756e+00 5.028395587747821693e+00 5.003339764811284063e+00 4.978198155816943249e+00 4.952973313968390023e+00 4.927667790123850367e+00 4.902284132377461745e+00 4.876824885643265439e+00 4.851292591242007290e+00 4.825689786490817035e+00 4.800019004295899450e+00 4.774282772748267512e+00 4.748483614722658785e+00 4.722624047479675014e+00 4.696706582271257702e+00 4.670733723949575200e+00 4.644707970579385226e+00 4.618631813053975854e+00 4.592507734714745382e+00 4.566338210974507206e+00 4.540125708944591665e+00 4.513872687065797251e+00 4.487581594743317304e+00 4.461254871985637749e+00 4.434894949047538226e+00 4.408504246077228572e+00 4.382085172767690828e+00 4.355640128012301382e+00 4.329171499564783865e+00 4.302681663703555870e+00 4.276172984900526330e+00 4.249647815494407510e+00 4.223108495368590454e+00 4.196557351633638078e+00 4.169996698314441197e+00 4.143428836042105878e+00 4.116856051750604095e+00
5.037205423796430992e+00 5.012317773183234237e+00 4.987342063847129303e+00 4.962280842745948384e+00 4.937136654919653367e+00 4.911912043070348233e+00 4.886609547144880494e+00 4.861231703920175562e+00 4.835781046591344001e+00 4.810260104362690470e+00 4.784671402041690946e+00 4.759017459636032399e+00 4.733300791953798381e+00 4.707523908206891150e+00 4.681689311617765803e+00 4.655799499029561694e+00 4.629856960519716402e+00 4.603864179017121749e+00 4.577823629922932014e+00 4.551737780735063410e+00 4.525609090676491419e+00 4.499440010327390382e+00 4.473232981261207719e+00 4.446990435684738507e+00 4.420714796082256370e+00 4.394408474863776171e+00 4.368073874017516900e+00 4.341713384766624273e+00 4.315329387230207203e+00 4.288924250088756551e+00 4.262500330254011871e+00 4.236059972543306351e+00 4.209605509358477882e+00 4.183139260369375556e+00 4.156663532202013123e+00 4.130180618131452874e+00 4.103692797779411983e+00
5.020886998512799515e+00 4.996079973411738706e+00 4.971185174860963230e+00 4.946205141567237007e+00 4.921142410325663796e+00 4.895999515601061169e+00 4.870778989111919977e+00 4.845483359417073643e+00 4.820115151505151019e+00 4.794676886386897152e+00 4.769171080690474795e+00 4.743600246259806141e+00 4.717966889756054272e+00 4.692273512262333135e+00 4.666522608891708224e+00 4.640716668398601641e+00 4.614858172793645963e+00 4.588949596962089039e+00 4.562993408285827002e+00 4.536992066269122326e+00 4.510948022168100202e+00 4.484863718624091611e+00 4.458741589300869279e+00 4.432584058525905313e+00 4.406393540935640729e+00 4.380172441124900118e+00 4.353923153300471860e+00 4.327648060938943608e+00 4.301349536448839217e+00 4.275029940837125508e+00 4.248691623380137727e+00 4.222336921298987633e+00 4.195968159439512846e+00 4.169587649956808306e+00 4.143197692004393140e+00 4.116800571428080424e+00 4.090398560464576505e+00
5.004409693130721593e+00 4.979684078531096958e+00 4.954870978532443182e+00 4.929972923510116622e+00 4.904992441934091119e+00 4.879932059951697987e+00 4.854794300972954169e+00 4.829581685258594881e+00 4.804296729510856956e+00 4.778941946467158530e+00 4.753519844496711499e+00 4.728032927200188418e+00 4.702483693012515786e+00 4.676874634808869224e+00 4.651208239513975329e+00 4.625486987714778842e+00 4.599713353276570160e+00 4.573889802962638917e+00 4.548018796057545998e+00 4.522102783994070840e+00 4.496144209983925499e+00 4.470145508652293209e+00 4.444109105676272264e+00 4.418037417427290059e+00 4.391932850617551232e+00 4.365797801950595414e+00 4.339634657776017868e+00 4.313445793748429402e+00 4.287233574490698196e+00 4.261000353261549023e+00 4.234748471627578503e+00 4.208480259139715685e+00 4.182198033014232763e+00 4.155904097818304166e+00 4.129600745160198372e+00 4.103290253384151320e+00 4.076974887269947168e+00
4.987775421072966786e+00 4.963131992510311008e+00 4.938401369343348613e+00 4.913586073536663434e+00 4.888688625155789502e+00 4.863711541951338369e+00 4.838657338945711039e+00 4.813528528022484210e+00 4.788327617518575607e+00 4.763057111819255063e+00 4.737719510956107882e+00 4.712317310208034016e+00 4.686852999705351408e+00 4.661329064037112779e+00 4.635747981861699785e+00 4.610112225520775375e+00 4.584424260656692951e+00 4.558686545833412040e+00 4.532901532161018210e+00 4.507071662923920030e+00 4.481199373212780834e+00 4.455287089560279412e+00 4.429337229580748492e+00 4.403352201613784267e+00 4.377334404371864274e+00 4.351286226592071316e+00 4.325210046691958965e+00 4.299108232429644794e+00 4.272983140568170413e+00 4.246837116544213586e+00 4.220672494141181730e+00 4.194491595166757847e+00 4.168296729134965517e+00 4.142090192952773364e+00 4.115874270611324270e+00 4.089651232881809761e+00 4.063423337016064174e+00
4.970986109333386693e+00 4.946425632822405660e+00 4.921778255212191588e+00 4.897046489978163386e+00 4.872232848703082375e+00 4.847339840662581167e+00 4.822369972413260264e+00 4.797325747383466066e+00 4.772209665466823125e+00 4.747024222618610345e+00 4.721771910455077048e+00 4.696455215855780629e+00 4.671076620569037274e+00 4.645638600820537256e+00 4.620143626925273139e+00 4.594594162902778223e+00 4.568992666095824440e+00 4.543341586792620568e+00 4.517643367852588909e+00 4.491900444335818143e+00 4.466115243136231427e+00 4.440290182618574555e+00 4.414427672259267688e+00 4.388530112291213925e+00 4.362599893352605562e+00 4.336639396139812419e+00 4.310650991064419735e+00 4.284637037914448499e+00 4.258599885519863015e+00 4.232541871422382584e+00 4.206465321549684333e+00 4.180372549894034506e+00 4.154265858195417493e+00 4.128147535629203446e+00 4.102019858498408666e+00 4.075885089930602945e+00 4.049745479579497598e+00
4.954043698106216809e+00 4.929566930075572451e+00 4.905003557127202818e+00 4.880356084169948261e+00 4.855627014226446825e+00 4.830818848020064671e+00 4.805934083564411097e+00 4.780975215755496777e+00 4.755944735966658676e+00 4.730845131646312041e+00 4.705678885918632481e+00 4.680448477187248102e+00 4.655156378742026924e+00 4.629805058369045767e+00 4.604396977963816084e+00 4.578934593147857335e+00 4.553420352888678302e+00 4.527856699123267603e+00 4.502246066385152012e+00 4.476590881435098979e+00 4.450893562895551270e+00 4.425156520888835487e+00 4.399382156679253697e+00 4.373572862319091925e+00 4.347731020298624571e+00 4.321859003200192006e+00 4.295959173356401983e+00 4.270033882512502821e+00 4.244085471493039385e+00 4.218116269872781210e+00 4.192128595652037326e+00 4.166124754936391561e+00 4.140107041620899153e+00 4.114077737078825514e+00 4.088039109854954667e+00 4.061993415363531312e+00 4.035942895590863166e+00
4.936950140413853383e+00 4.912557827642780595e+00 4.888079208777782014e+00 4.863516780084696123e+00 4.838873035949669443e+00 4.814150468467507160e+00 4.789351567032610113e+00 4.764478817932537247e+00 4.739534703944329408e+00 4.714521703933644226e+00 4.689442292456823758e+00 4.664298939365948193e+00 4.639094109416984857e+00 4.613830261881100903e+00 4.588509850159220527e+00 4.563135321399920841e+00 4.537709116120734798e+00 4.512233667832929562e+00 4.486711402669855353e+00 4.461144739018919836e+00 4.435536087157293750e+00 4.409887848891357542e+00 4.384202417200027568e+00 4.358482175881992049e+00 4.332729499206920742e+00 4.306946751570739806e+00 4.281136287154997611e+00 4.255300449590428080e+00 4.229441571624731111e+00 4.203561974794655320e+00 4.177663969102421326e+00 4.151749852696569043e+00 4.125821911557237875e+00 4.099882419185987281e+00 4.073933636300158589e+00 4.047977810531854459e+00 4.022017176131579497e+00
4.919707401733156793e+00 4.895400281289932209e+00 4.871007156184511189e+00 4.846530513964302678e+00 4.821972840303586416e+00 4.797336618593305957e+00 4.772624329533428522e+00 4.747838450727931203e+00 4.722981456282535184e+00 4.698055816405239504e+00 4.673063997009776038e+00 4.648008459322049646e+00 4.622891659489646088e+00 4.597716048194503635e+00 4.572484070268831857e+00 4.547198164314319335e+00 4.521860762324776850e+00 4.496474289312212491e+00 4.471041162936492341e+00 4.445563793138593844e+00 4.420044581777569981e+00 4.394485922271284650e+00 4.368890199240962779e+00 4.343259788159659074e+00 4.317597055004698703e+00 4.291904355914140545e+00 4.266184036847346484e+00 4.240438433249710926e+00 4.214669869721604734e+00 4.188880659691597508e+00 4.163073105094029280e+00 4.137249496050944053e+00 4.111412110558497091e+00 4.085563214177836855e+00 4.059705059730549515e+00 4.033839886998681123e+00 4.007969922429418297e+00
4.902317459620433304e+00 4.878096258802689711e+00 4.853789357327841003e+00 4.829399233950435466e+00 4.804928365558510883e+00 4.780379226764841505e+00 4.755754289500737642e+00 4.731056022612463607e+00 4.706286891460389477e+00 4.681449357520946819e+00 4.656545877991474569e+00 4.631578905398052726e+00 4.606550887206399381e+00 4.581464265435903904e+00 4.556321476276896654e+00 4.531124949711221817e+00 4.505877109136190661e+00 4.480580370992001349e+00 4.455237144392690141e+00 4.429849830760695717e+00 4.404420823465096113e+00 4.378952507463617749e+00 4.353447258948440535e+00 4.327907444995916286e+00 4.302335423220225330e+00 4.276733541431067209e+00 4.251104137295421914e+00 4.225449538003461569e+00 4.199772059938672975e+00 4.174074008352236298e+00 4.148357677041719427e+00 4.122625348034159032e+00 4.096879291273557655e+00 4.071121764312872315e+00 4.045355012010521278e+00 4.019581266231480043e+00 3.993802745552998079e+00
4.884782303335147624e+00 4.860647739612053542e+00 4.836427781775532786e+00 4.812124899713843718e+00 4.787741561455415962e+00 4.763280232761553989e+00 4.738743376721687106e+00 4.714133453351236014e+00 4.689452919192191871e+00 4.664704226916505547e+00 4.639889824932334150e+00 4.615012156993293146e+00 4.590073661810730954e+00 4.565076772669147687e+00 4.540023917044837098e+00 4.514917516227813898e+00 4.489759984947109928e+00 4.464553730999532455e+00 4.439301154881928113e+00 4.414004649427058169e+00 4.388666599443134864e+00 4.363289381357098762e+00 4.337875362861701056e+00 4.312426902566470766e+00 4.286946349652613009e+00 4.261436043531915630e+00 4.235898313509731672e+00 4.210335478452079450e+00 4.184749846456949030e+00 4.159143714529837332e+00 4.133519368263604221e+00 4.107879081522675335e+00 4.082225116131665388e+00 4.056559721568462784e+00 4.030885134661826186e+00 4.005203579293550753e+00 3.979517266105224049e+00
4.867103933462492371e+00 4.843056714418797704e+00 4.818924410308961015e+00 4.794709482082548213e+00 4.770414388836013764e+00 4.746041587406904405e+00 4.721593531970555091e+00 4.697072673639414830e+00 4.672481460065082359e+00 4.647822335043112041e+00 4.623097738120704570e+00 4.598310104207354421e+00 4.573461863188545529e+00 4.548555439542550261e+00 4.523593251960455142e+00 4.498577712969456854e+00 4.473511228559512887e+00 4.448396197813445418e+00 4.423235012540534861e+00 4.398030056913711405e+00 4.372783707110400542e+00 4.347498330957085599e+00 4.322176287577674358e+00 4.296819927045720355e+00 4.271431590040575266e+00 4.246013607507534537e+00 4.220568300322030453e+00 4.195097978957942786e+00 4.169604943160094557e+00 4.144091481620955975e+00 4.118559871661665817e+00 4.093012378917379124e+00 4.067451257027004274e+00 4.041878747327412924e+00 4.016297078552123700e+00 3.990708466534545362e+00 3.965115113915802070e+00
4.849284361534916599e+00 4.825325184816855462e+00 4.801281234548389065e+00 4.777154962668982208e+00 4.752948819271788139e+00 4.728665252199307112e+00 4.704306706641581570e+00 4.679875624736984818e+00 4.655374445175704423e+00 4.630805602806005616e+00 4.606171528243354629e+00 4.581474647482490781e+00 4.556717381512531695e+00 4.531902145935188031e+00 4.507031350586169438e+00 4.482107399159859007e+00 4.457132688837345036e+00 4.432109609917858073e+00 4.407040545453725144e+00 4.381927870888877585e+00 4.356773953701015500e+00 4.331581153047472377e+00 4.306351819414866000e+00 4.281088294272600514e+00 4.255792909730271134e+00 4.230467988199047902e+00 4.205115842057113973e+00 4.179738773319183309e+00 4.154339073310184816e+00 4.128919022343172429e+00 4.103480889401493137e+00 4.078026931825294632e+00 4.052559395002406362e+00 4.027080512063655249e+00 4.001592503582660498e+00 3.976097577280160777e+00 3.950597927732914183e+00
4.831325609652688868e+00 4.807455162915776903e+00 4.783500256577288390e+00 4.759463333496224635e+00 4.735346834692106377e+00 4.711153198942136910e+00 4.686884862380887640e+00 4.662544258102561123e+00 4.638133815765942636e+00 4.613655961202126399e+00 4.589113116025078654e+00 4.564507697245154816e+00 4.539842116885625778e+00 4.515118781602306619e+00 4.490340092306364994e+00 4.465508443790384696e+00 4.440626224357778540e+00 4.415695815455585205e+00 4.390719591310777048e+00 4.365699918570113525e+00 4.340639155943619265e+00 4.315539653851764967e+00 4.290403754076422160e+00 4.265233789415637133e+00 4.240032083342311964e+00 4.214800949666845042e+00 4.189542692203796825e+00 4.164259604442642093e+00 4.138953969222659346e+00 4.113628058412032829e+00 4.088284132591195608e+00 4.062924440740504295e+00 4.037551219932259627e+00 4.012166695027151953e+00 3.986773078375168033e+00 3.961372569521015574e+00 3.935967354914093885e+00
4.813229710103620107e+00 4.789448670962311638e+00 4.765583488565829029e+00 4.741636596623357569e+00 4.717610427011491581e+00 4.693507409372912775e+00 4.669329970717563505e+00 4.645080535026404611e+00 4.620761522857853798e+00 4.596375350956964034e+00 4.571924431867465444e+00 4.547411173546715979e+00 4.522837978983667462e+00 4.498207245819922484e+00 4.473521365973949671e+00 4.448782725268556781e+00 4.423993703061678495e+00 4.399156671880562364e+00 4.374273997059430208e+00 4.349348036380681570e+00 4.324381139719711165e+00 4.299375648693408714e+00 4.274333896312416670e+00 4.249258206637206214e+00 4.224150894438029269e+00 4.199014264858827339e+00 4.173850613085140715e+00 4.148662224016100630e+00 4.123451371940532795e+00 4.098220320217253132e+00 4.072971320959618780e+00 4.047706614724347673e+00 4.022428430204707972e+00 3.997138983928095080e+00 3.971840479958065551e+00 3.946535109600850078e+00 3.921225051116429050e+00
4.794998704982034177e+00 4.771307740961277410e+00 4.747532952393617833e+00 4.723676763770112252e+00 4.699741597756168510e+00 4.675729874791743512e+00 4.651644012694028163e+00 4.627486426262703567e+00 4.603259526887867104e+00 4.578965722160704743e+00 4.554607415486985111e+00 4.530187005703477432e+00 4.505706886697366187e+00 4.481169447028737984e+00 4.456577069556225013e+00 4.431932131065885017e+00 4.407237001903394180e+00 4.382494045609607092e+00 4.357705618559603700e+00 4.332874069605241019e+00 4.308001739721321499e+00 4.283090961655426909e+00 4.258144059581487895e+00 4.233163348757157607e+00 4.208151135185069336e+00 4.183109715278001239e+00 4.158041375528046757e+00 4.132948392179860875e+00 4.107833030907969807e+00 4.082697546498303076e+00 4.057544182533913357e+00 4.032375171084993326e+00 4.007192732403221491e+00 3.981999074620480972e+00 3.956796393452025384e+00 3.931586871904107827e+00 3.906372679986140461e+00
