upland/rainfall_series/rainfall_4.asc
ncols 76
nrows 55
xllcorner 0.0
yllcorner 0.0
cellsize 10.0
[rows 0 to 16 of 55, columns 37 to 73 of 76]
0.000000000000000000e+00 0.000000000000000000e+00 0.000000000000000000e+00 0.000000000000000000e+00 0.000000000000000000e+00 0.000000000000000000e+00 0.000000000000000000e+00 0.000000000000000000e+00 0.000000000000000000e+00 0.000000000000000000e+00 0.000000000000000000e+00 0.000000000000000000e+00 0.000000000000000000e+00 0.000000000000000000e+00 0.000000000000000000e+00 0.000000000000000000e+00 0.000000000000000000e+00 0.000000000000000000e+00 0.000000000000000000e+00 0.000000000000000000e+00 0.000000000000000000e+00 0.000000000000000000e+00 0.000000000000000000e+00 0.000000000000000000e+00 0.000000000000000000e+00 0.000000000000000000e+00 0.000000000000000000e+00 0.000000000000000000e+00 0.000000000000000000e+00 0.000000000000000000e+00 0.000000000000000000e+00 0.000000000000000000e+00 0.000000000000000000e+00 0.000000000000000000e+00 0.000000000000000000e+00 0.000000000000000000e+00 0.000000000000000000e+00
0.000000000000000000e+00 0.000000000000000000e+00 0.000000000000000000e+00 0.000000000000000000e+00 0.000000000000000000e+00 0.000000000000000000e+00 0.000000000000000000e+00 0.000000000000000000e+00 0.000000000000000000e+00 0.000000000000000000e+00 0.000000000000000000e+00 0.000000000000000000e+00 0.000000000000000000e+00 0.000000000000000000e+00 0.000000000000000000e+00 0.000000000000000000e+00 0.000000000000000000e+00 0.000000000000000000e+00 0.000000000000000000e+00 0.000000000000000000e+00 0.000000000000000000e+00 0.000000000000000000e+00 0.000000000000000000e+00 0.000000000000000000e+00 0.000000000000000000e+00 0.000000000000000000e+00 0.000000000000000000e+00 0.000000000000000000e+00 0.000000000000000000e+00 0.000000000000000000e+00 0.000000000000000000e+00 0.000000000000000000e+00 0.000000000000000000e+00 0.000000000000000000e+00 0.000000000000000000e+00 0.000000000000000000e+00 0.000000000000000000e+00
5.288529047081056866e+00 5.262399665388640457e+00 0.000000000000000000e+00 5.209866219205513183e+00 5.183467500770004399e+00 0.000000000000000000e+00 5.130419420604457770e+00 5.103775388893523335e+00 5.077054910130638810e+00 5.050260639710874244e+00 0.000000000000000000e+00 0.000000000000000000e+00 0.000000000000000000e+00 0.000000000000000000e+00 0.000000000000000000e+00 0.000000000000000000e+00 0.000000000000000000e+00 0.000000000000000000e+00 0.000000000000000000e+00 0.000000000000000000e+00 0.000000000000000000e+00 0.000000000000000000e+00 0.000000000000000000e+00 0.000000000000000000e+00 0.000000000000000000e+00 0.000000000000000000e+00 0.000000000000000000e+00 0.000000000000000000e+00 0.000000000000000000e+00 0.000000000000000000e+00 0.000000000000000000e+00 0.000000000000000000e+00 0.000000000000000000e+00 0.000000000000000000e+00 0.000000000000000000e+00 0.000000000000000000e+00 0.000000000000000000e+00
5.275189429686520270e+00 5.249125955915082464e+00 5.222970263064770080e+00 5.196725018425064846e+00 5.170392887276967109e+00 5.143976532453161887e+00 5.117478613900911633e+00 5.090901788247787607e+00 5.064248708370326035e+00 5.037522022965710278e+00 5.010724376126563406e+00 4.983858406918955097e+00 0.000000000000000000e+00 0.000000000000000000e+00 0.000000000000000000e+00 0.000000000000000000e+00 0.000000000000000000e+00 0.000000000000000000e+00 0.000000000000000000e+00 0.000000000000000000e+00 0.000000000000000000e+00 0.000000000000000000e+00 0.000000000000000000e+00 0.000000000000000000e+00 0.000000000000000000e+00 0.000000000000000000e+00 0.000000000000000000e+00 0.000000000000000000e+00 0.000000000000000000e+00 0.000000000000000000e+00 0.000000000000000000e+00 0.000000000000000000e+00 0.000000000000000000e+00 0.000000000000000000e+00 0.000000000000000000e+00 0.000000000000000000e+00 0.000000000000000000e+00
5.261660830065919114e+00 5.235664197932317521e+00 5.209575583222248341e+00 5.183397646384737989e+00 5.157133045865483822e+00 5.130784437668147291e+00 5.104354474918366691e+00 5.077845807430601432e+00 5.051261081277896636e+00 5.024602938364663096e+00 4.997874016002561426e+00 4.971076946489583648e+00 4.944214356692431700e+00 0.000000000000000000e+00 4.890303094073892076e+00 4.863259644118572922e+00 0.000000000000000000e+00 0.000000000000000000e+00 0.000000000000000000e+00 0.000000000000000000e+00 0.000000000000000000e+00 0.000000000000000000e+00 0.000000000000000000e+00 0.000000000000000000e+00 0.000000000000000000e+00 0.000000000000000000e+00 0.000000000000000000e+00 0.000000000000000000e+00 0.000000000000000000e+00 0.000000000000000000e+00 0.000000000000000000e+00 0.000000000000000000e+00 0.000000000000000000e+00 0.000000000000000000e+00 0.000000000000000000e+00 0.000000000000000000e+00 0.000000000000000000e+00
5.247944876196533492e+00 5.222016011374170930e+00 5.195995403753011388e+00 5.169885706846893747e+00 5.143689572171553870e+00 5.117409648807054623e+00 5.091048582962938163e+00 5.064609017546199965e+00 5.038093591732176080e+00 5.011504940538428876e+00 4.984845694401750293e+00 4.958118478758329672e+00 4.931325913627222945e+00 4.904470613197180029e+00 4.877555185416923678e+00 4.850582231588975723e+00 4.823554345967096424e+00 4.796474115357437285e+00 0.000000000000000000e+00 0.000000000000000000e+00 0.000000000000000000e+00 0.000000000000000000e+00 0.000000000000000000e+00 0.000000000000000000e+00 0.000000000000000000e+00 0.000000000000000000e+00 0.000000000000000000e+00 0.000000000000000000e+00 0.000000000000000000e+00 0.000000000000000000e+00 0.000000000000000000e+00 0.000000000000000000e+00 0.000000000000000000e+00 0.000000000000000000e+00 0.000000000000000000e+00 0.000000000000000000e+00 0.000000000000000000e+00
5.234043215596243748e+00 5.208183035618523249e+00 5.182231355866137257e+00 5.156190822823843334e+00 5.130064080983582464e+00 5.103853772408077916e+00 5.077562536297137719e+00 5.051193008556768227e+00 5.024747821371204459e+00 4.998229602777920277e+00 4.971640976245752519e+00 4.944984560256182604e+00 4.918262967887910619e+00 4.891478806404768953e+00 4.864634676847102490e+00 4.837733173626648231e+00 4.810776884125065322e+00 4.783768388296122609e+00 4.756710258271693803e+00 0.000000000000000000e+00 0.000000000000000000e+00 0.000000000000000000e+00 0.000000000000000000e+00 0.000000000000000000e+00 0.000000000000000000e+00 0.000000000000000000e+00 0.000000000000000000e+00 0.000000000000000000e+00 0.000000000000000000e+00 0.000000000000000000e+00 0.000000000000000000e+00 0.000000000000000000e+00 0.000000000000000000e+00 0.000000000000000000e+00 0.000000000000000000e+00 0.000000000000000000e+00 0.000000000000000000e+00
5.219957514994124637e+00 5.194166929159531598e+00 5.168285089791731401e+00 5.142314636253339621e+00 5.116258205919520741e+00 5.090118433742757631e+00 5.063897951820321097e+00 5.037599388964549618e+00 5.011225370276018332e+00 4.984778516719709174e+00 4.958261444704255894e+00 4.931676765664361639e+00 4.905027085646485041e+00 4.878315004897872065e+00 4.851543117459021559e+00 4.824714010759671545e+00 4.797830265218391510e+00 4.770894453845861527e+00 4.743909141851907485e+00 4.716876886256384793e+00 4.689800235503991388e+00 4.662681729083058890e+00 4.635523897148424943e+00 0.000000000000000000e+00 0.000000000000000000e+00 0.000000000000000000e+00 0.000000000000000000e+00 0.000000000000000000e+00 0.000000000000000000e+00 0.000000000000000000e+00 0.000000000000000000e+00 0.000000000000000000e+00 0.000000000000000000e+00 0.000000000000000000e+00 0.000000000000000000e+00 0.000000000000000000e+00 0.000000000000000000e+00
5.205689459997860702e+00 5.179969369276689939e+00 5.154158274451626554e+00 5.128258807670941444e+00 5.102273599100890067e+00 5.076205276491664087e+00 5.050056464746049301e+00 5.023829785490875111e+00 4.997527856651360345e+00 4.971153292028425597e+00 4.944708700879103525e+00 4.918196687500089759e+00 4.891619850814565851e+00 4.864980783962347566e+00 4.838282073893473090e+00 4.811526300965285330e+00 4.784716038543129102e+00 4.757853852604699618e+00 4.730942301348167511e+00 4.703983934804117695e+00 4.676981294451414861e+00 4.649936912837038250e+00 4.622853313199987824e+00 0.000000000000000000e+00 0.000000000000000000e+00 0.000000000000000000e+00 0.000000000000000000e+00 0.000000000000000000e+00 0.000000000000000000e+00 0.000000000000000000e+00 0.000000000000000000e+00 0.000000000000000000e+00 0.000000000000000000e+00 0.000000000000000000e+00 0.000000000000000000e+00 0.000000000000000000e+00 0.000000000000000000e+00
5.191240754758057463e+00 5.165592051700792275e+00 5.139852597127017475e+00 5.114025015879318126e+00 5.088111930823760787e+00 5.062115962417061077e+00 5.036039728276428207e+00 5.009885842752208163e+00 4.983656916503407253e+00 4.957355556076188385e+00 4.930984363485432453e+00 4.904545935799450973e+00 4.878042864727958339e+00 4.851477736213356096e+00 4.824853130025442915e+00 4.798171619359626661e+00 4.771435770438720247e+00 4.744648142118394141e+00 4.717811285496383178e+00 4.690927743525512561e+00 4.664000050630614957e+00 4.637030732329434635e+00 4.610022304857568365e+00 4.582977274797531031e+00 0.000000000000000000e+00 0.000000000000000000e+00 0.000000000000000000e+00 0.000000000000000000e+00 0.000000000000000000e+00 0.000000000000000000e+00 0.000000000000000000e+00 0.000000000000000000e+00 0.000000000000000000e+00 0.000000000000000000e+00 0.000000000000000000e+00 0.000000000000000000e+00 0.000000000000000000e+00
5.176613121629545233e+00 5.151036690276920460e+00 5.125369763123123867e+00 5.099614957614584831e+00 5.073774889226783102e+00 5.047852171032631396e+00 5.021849413273540286e+00 4.995769222933266640e+00 4.969614203314624667e+00 4.943386953619172353e+00 4.917090068529955893e+00 4.890726137797392070e+00 4.864297745828397801e+00 4.837807471278825489e+00 4.811257886649323190e+00 4.784651557884669337e+00 4.757991043976694812e+00 4.731278896570848325e+00 4.704517659576502808e+00 4.677709868781067648e+00 4.650858051467995580e+00 4.623964726038746420e+00 4.597032401638784904e+00 4.570063577787697895e+00 4.543060744013468266e+00 0.000000000000000000e+00 0.000000000000000000e+00 0.000000000000000000e+00 0.000000000000000000e+00 0.000000000000000000e+00 0.000000000000000000e+00 0.000000000000000000e+00 0.000000000000000000e+00 0.000000000000000000e+00 0.000000000000000000e+00 0.000000000000000000e+00 0.000000000000000000e+00
5.161808300829768825e+00 5.136305016624511666e+00 5.110711495430957818e+00 5.085030347209784196e+00 5.059264179956363350e+00 5.033415599270363749e+00 5.007487207928056350e+00 4.981481605457368289e+00 4.955401387715816064e+00 4.929249146471388343e+00 4.903027468986485893e+00 4.876738937604985225e+00 4.850386129342544095e+00 4.823971615480207475e+00 4.797497961161413471e+00 4.770967724992487113e+00 4.744383458646685980e+00 4.717747706471897118e+00 4.691063005102055428e+00 4.664331883072363460e+00 4.637556860438384554e+00 4.610740448399095470e+00 4.583885148923943831e+00 4.556993454384032916e+00 4.530067847187437380e+00 0.000000000000000000e+00 0.000000000000000000e+00 0.000000000000000000e+00 0.000000000000000000e+00 0.000000000000000000e+00 0.000000000000000000e+00 0.000000000000000000e+00 0.000000000000000000e+00 0.000000000000000000e+00 0.000000000000000000e+00 0.000000000000000000e+00 0.000000000000000000e+00
5.146828050094361728e+00 5.121398779794639644e+00 5.095879534386302367e+00 5.070272916255575524e+00 5.044581525829081592e+00 5.018807961144696961e+00 4.992954817425090397e+00 4.967024686654014864e+00 4.941020157155464609e+00 4.914943813175775666e+00 4.888798234468768378e+00 4.862585995884018075e+00 4.836309666958341857e+00 4.809971811510585837e+00 4.783574987239804344e+00 4.757121745326904794e+00 4.730614630039855051e+00 4.704056178342503891e+00 4.677448919507144254e+00 4.650795374730829934e+00 4.624098056755593156e+00 4.597359469492573680e+00 4.570582107650181136e+00 4.543768456366319874e+00 4.516920990844792705e+00 4.490042175995899498e+00 0.000000000000000000e+00 0.000000000000000000e+00 0.000000000000000000e+00 0.000000000000000000e+00 0.000000000000000000e+00 0.000000000000000000e+00 0.000000000000000000e+00 0.000000000000000000e+00 0.000000000000000000e+00 0.000000000000000000e+00 0.000000000000000000e+00
5.131674144329994469e+00 5.106319745924579045e+00 5.080875637326007777e+00 5.055344413258249681e+00 5.029728666491440237e+00 5.004030987414003206e+00 4.978253963607443211e+00 4.952400179423885440e+00 4.926472215566469970e+00 4.900472648672687725e+00 4.874404050900738916e+00 4.848268989519019634e+00 4.822070026498808559e+00 4.795809718110251474e+00 4.769490614521720850e+00 4.743115259402631345e+00 4.716686189529811557e+00 4.690205934397482679e+00 4.663677015830946182e+00 4.637101947604051588e+00 4.610483235060513607e+00 4.583823374739160350e+00 4.557124854003177461e+00 4.530390150673435201e+00 4.503621732665942012e+00 4.476822057633516039e+00 4.449993572611727011e+00 0.000000000000000000e+00 0.000000000000000000e+00 0.000000000000000000e+00 0.000000000000000000e+00 0.000000000000000000e+00 0.000000000000000000e+00 0.000000000000000000e+00 0.000000000000000000e+00 0.000000000000000000e+00 0.000000000000000000e+00
5.116348375264601067e+00 5.091069697889754941e+00 5.065701578241666780e+00 5.040246603295154948e+00 5.014707358077029831e+00 4.989086425239510625e+00 4.963386384636275572e+00 4.937609812901271766e+00 4.911759283030355583e+00 4.885837363965880087e+00 4.859846620184280930e+00 4.833789611286795740e+00 4.807668891593364968e+00 4.781487009739819882e+00 4.755246508278442974e+00 4.728949923281969170e+00 4.702599783951130874e+00 4.676198612225801909e+00 4.649748922399842499e+00 4.623253220739703906e+00 4.596714005106878886e+00 4.570133764584269898e+00 4.543514979106544338e+00 4.516860119094546100e+00 4.490171645093841590e+00 4.463452007417456180e+00 4.436703645792877460e+00 4.409928989013376821e+00 0.000000000000000000e+00 0.000000000000000000e+00 0.000000000000000000e+00 0.000000000000000000e+00 0.000000000000000000e+00 0.000000000000000000e+00 0.000000000000000000e+00 0.000000000000000000e+00 0.000000000000000000e+00
5.100852551095067966e+00 5.075650434953176138e+00 5.050359147430805606e+00 5.024981267667629758e+00 4.999519372861223943e+00 4.973976037841756792e+00 4.948353834649332761e+00 4.922655332114077353e+00 4.896883095439048539e+00 4.871039685786071161e+00 4.845127659864581382e+00 4.819149569523582421e+00 4.793107961346778190e+00 4.767005376250972759e+00 4.740844349087853793e+00 4.714627408249181251e+00 4.688357075275526142e+00 4.662035864468594859e+00 4.635666282507233227e+00 4.609250828067192884e+00 4.582791991444724822e+00 4.556292254184074686e+00 4.529754088708959792e+00 4.503179957958089119e+00 4.476572315024805349e+00 4.449933602800899557e+00 4.423266253624682065e+00 4.396572688933371609e+00 4.369855318919843690e+00 4.343116542193826035e+00 0.000000000000000000e+00 0.000000000000000000e+00 0.000000000000000000e+00 0.000000000000000000e+00 0.000000000000000000e+00 0.000000000000000000e+00 0.000000000000000000e+00
5.085188496132491132e+00 5.060063772412448202e+00 5.034850151145641384e+00 5.009550203551541792e+00 4.984166498913485732e+00 4.958701604154672538e+00 4.933158083416809170e+00 4.907538497641475317e+00 4.881845404154323553e+00 4.856081356252184733e+00 4.830248902793173649e+00 4.804350587789894433e+00 4.778388950005824753e+00 4.752366522554944517e+00 4.726285832504740547e+00 4.700149400482610318e+00 4.673959740285803299e+00 4.647719358494931008e+00 4.621430754091151449e+00 4.595096418077113221e+00 4.568718833101688581e+00 4.542300473088623392e+00 4.515843802869142998e+00 4.489351277818593999e+00 4.462825343497184960e+00 4.436268435294905110e+00 4.409682978080673443e+00 4.383071385855786595e+00 4.356436061411729455e+00 4.329779395992413349e+00 0.000000000000000000e+00 0.000000000000000000e+00 0.000000000000000000e+00 0.000000000000000000e+00 0.000000000000000000e+00 0.000000000000000000e+00 0.000000000000000000e+00
