upland/rainfall_series/rainfall_8.asc
ncols 76
nrows 55
xllcorner 0.0
yllcorner 0.0
cellsize 10.0
[rows 34 to 50 of 55, columns 37 to 73 of 76]
2.028826908017649977e+00 2.037754920021856986e+00 2.046706556061460347e+00 2.055681782592436502e+00 2.064680565380704991e+00 2.073702869500155810e+00 2.082748659330688756e+00 2.091817898556274535e+00 2.100910550163032742e+00 2.110026576437329382e+00 2.119165938963893936e+00 2.128328598623947077e+00 2.137514515593363917e+00 2.146723649340835927e+00 2.155955958626067925e+00 2.165211401497987964e+00 2.174489935292976739e+00 2.183791516633118768e+00 2.193116101424468223e+00 2.202463644855345848e+00 2.211834101394643870e+00 2.221227424790155780e+00 2.230643568066931870e+00 2.240082483525646317e+00 2.249544122740994911e+00 2.259028436560102548e+00 2.268535375100962703e+00 2.278064887750891998e+00 2.287616923165008309e+00 2.297191429264728857e+00 2.306788353236292721e+00 2.316407641529306005e+00 2.326049239855302098e+00 2.335713093186333467e+00 2.345399145753580328e+00 2.355107341045983738e+00 0.000000000000000000e+00
2.030457091972375228e+00 2.039392277728990788e+00 2.048351106503165209e+00 2.057333544723923158e+00 2.066339558129675513e+00 2.075369111766249386e+00 2.084422169984924356e+00 2.093498696440488693e+00 2.102598654089323116e+00 2.111722005187490314e+00 2.120868711288849795e+00 2.130038733243194038e+00 2.139232031194395312e+00 2.148448564578579578e+00 2.157688292122315499e+00 2.166951171840821200e+00 2.176237161036197243e+00 2.185546216295673805e+00 2.194878293489874732e+00 2.204233347771114904e+00 2.213611333571701145e+00 2.223012204602262454e+00 2.232435913850105091e+00 2.241882413577576560e+00 2.251351655320461109e+00 2.260843589886389893e+00 2.270358167353274670e+00 2.279895337067765482e+00 2.289455047643722541e+00 2.299037246960718317e+00 2.308641882162556946e+00 2.318268899655813176e+00 2.327918245108401063e+00 2.337589863448156891e+00 2.347283698861449608e+00 2.356999694791815259e+00 0.000000000000000000e+00
2.032073033412276519e+00 2.041015330245995685e+00 2.049981288913595101e+00 2.058970875817380364e+00 2.067984056668497495e+00 2.077020796484953191e+00 2.086081059589656395e+00 2.095164809608470513e+00 2.104272009468295401e+00 2.113402621395153336e+00 2.122556606912308741e+00 2.131733926838395021e+00 2.140934541285565373e+00 2.150158409657663583e+00 2.159405490648408144e+00 2.168675742239607018e+00 2.177969121699377286e+00 2.187285585580399427e+00 2.196625089718178714e+00 2.205987589229335022e+00 2.215373038509911741e+00 2.224781391233698891e+00 2.234212600350587330e+00 2.243666618084930064e+00 2.253143395933944415e+00 2.262642884666109744e+00 2.272165034319609145e+00 2.281709794200777797e+00 2.291277112882581957e+00 2.300866938203112610e+00 2.310479217264109764e+00 2.320113896429495171e+00 2.329770921323941923e+00 2.339450236831456476e+00 2.349151787093991750e+00 2.358875515510070020e+00 0.000000000000000000e+00
2.033674696257700809e+00 2.042624041334447860e+00 2.051597066895134436e+00 2.060593739315582873e+00 2.069614024279914144e+00 2.078657886778561448e+00 2.087725291106313996e+00 2.096816200860366575e+00 2.105930578938394859e+00 2.115068387536652050e+00 2.124229588148073056e+00 2.133414141560409316e+00 2.142622007854375621e+00 2.151853146401816019e+00 2.161107515863893713e+00 2.170385074189297825e+00 2.179685778612466152e+00 2.189009585651830569e+00 2.198356451108088638e+00 2.207726330062484532e+00 2.217119176875114839e+00 2.226534945183257008e+00 2.235973587899715564e+00 2.245435057211190077e+00 2.254919304576667116e+00 2.264426280725821528e+00 2.273955935657456351e+00 2.283508218637952059e+00 2.293083078199739777e+00 2.302680462139798490e+00 2.312300317518170445e+00 2.321942590656504990e+00 2.331607227136616167e+00 2.341294171799070067e+00 2.351003368741789501e+00 2.360734761318684427e+00 0.000000000000000000e+00
2.035262044728388453e+00 2.044218375056635395e+00 2.053198404352199802e+00 2.062202098964661001e+00 2.071229424551353393e+00 2.080280346075387143e+00 2.089354827803679093e+00 2.098452833305011200e+00 2.107574325448101416e+00 2.116719266399694099e+00 2.125887617622669090e+00 2.135079339874171200e+00 2.144294393203756588e+00 2.153532736951558668e+00 2.162794329746473565e+00 2.172079129504367323e+00 2.181387093426297774e+00 2.190718177996761273e+00 2.200072338981953202e+00 2.209449531428057778e+00 2.218849709659548086e+00 2.228272827277513635e+00 2.237718837158006568e+00 2.247187691450409197e+00 2.256679341575815290e+00 2.266193738225444676e+00 2.275730831359074724e+00 2.285290570203483806e+00 2.294872903250932961e+00 2.304477778257654208e+00 2.314105142242369073e+00 2.323754941484828418e+00 2.333427121524371817e+00 2.343121627158510467e+00 2.352838402441534971e+00 2.362577390683142653e+00 0.000000000000000000e+00
2.036835043344805474e+00 2.045798295776891429e+00 2.054785265492582447e+00 2.063795918815448882e+00 2.072830221376282811e+00 2.081888138111115172e+00 2.090969633259247562e+00 2.100074670361303131e+00 2.109203212257302340e+00 2.118355221084749829e+00 2.127530658276741260e+00 2.136729484560090597e+00 2.145951659953478252e+00 2.155197143765612999e+00 2.164465894593416539e+00 2.173757870320228935e+00 2.183073028114028702e+00 2.192411324425681318e+00 2.201772714987194846e+00 2.211157154810009740e+00 2.220564598183298877e+00 2.229994998672290674e+00 2.239448309116616187e+00 2.248924481628673977e+00 2.258423467592014511e+00 2.267945217659748547e+00 2.277489681752976391e+00 2.287056809059238027e+00 2.296646548030982782e+00 2.306258846384066086e+00 2.315893651096262218e+00 2.325550908405802808e+00 2.335230563809935767e+00 2.344932562063508197e+00 2.354656847177571954e+00 2.364403362418009191e+00 0.000000000000000000e+00
2.038393656929462061e+00 2.047363768162927755e+00 2.056357614828780989e+00 2.065375163224826061e+00 2.074416378955553419e+00 2.083481226930162578e+00 2.092569671360590355e+00 2.101681675759562662e+00 2.110817202938662707e+00 2.119976215006422748e+00 2.129158673366426058e+00 2.138364538715435970e+00 2.147593771041536037e+00 2.156846329622299496e+00 2.166122173022964947e+00 2.175421259094644011e+00 2.184743544972541418e+00 2.194088987074195973e+00 2.203457541097742833e+00 2.212849162020195770e+00 2.222263804095748529e+00 2.231701420854098838e+00 2.241161965098788844e+00 2.250645388905572641e+00 2.260151643620799344e+00 2.269680679859818806e+00 2.279232447505409542e+00 2.288806895706229749e+00 2.298403972875283863e+00 2.308023626688418428e+00 2.317665804082834846e+00 2.327330451255625654e+00 2.337017513662332124e+00 2.346726936015527176e+00 2.356458662283418715e+00 2.366212635688476063e+00 2.375988798706077265e+00
2.039937850608228409e+00 2.048914757187145330e+00 2.057915417179326578e+00 2.066939796857044431e+00 2.075987861798733292e+00 2.085059576887010824e+00 2.094154906306700425e+00 2.103273813542887449e+00 2.112416261378982529e+00 2.121582211894815106e+00 2.130771626464727397e+00 2.139984465755708776e+00 2.149220689725533262e+00 2.158480257620922327e+00 2.167763127975726789e+00 2.177069258609128255e+00 2.186398606623858321e+00 2.195751128404439978e+00 2.205126779615447674e+00 2.214525515199787797e+00 2.223947289376999148e+00 2.233392055641575169e+00 2.242859766761305274e+00 2.252350374775636155e+00 2.261863830994061075e+00 2.271400085994518037e+00 2.280959089621818592e+00 2.290540790986098418e+00 2.300145138461282990e+00 2.309772079683579893e+00 2.319421561549991129e+00 2.329093530216851171e+00 2.338787931098382789e+00 2.348504708865273738e+00 2.358243807443286322e+00 2.368005170011876270e+00 2.377788739002843599e+00
2.041467589811628791e+00 2.050451228127943892e+00 2.059458637670089409e+00 2.068489784685045407e+00 2.077544634725434047e+00 2.086623152647536283e+00 2.095725302609321439e+00 2.104851048068489217e+00 2.114000351780545461e+00 2.123173175796879253e+00 2.132369481462871086e+00 2.141589229416013040e+00 2.150832379584051157e+00 2.160098891183147796e+00 2.169388722716057760e+00 2.178701831970331515e+00 2.188038176016531722e+00 2.197397711206475535e+00 2.206780393171489330e+00 2.216186176820690523e+00 2.225615016339289820e+00 2.235066865186905005e+00 2.244541676095906269e+00 2.254039401069776183e+00 2.263559991381494108e+00 2.273103397571935691e+00 2.282669569448303903e+00 2.292258456082569840e+00 2.301870005809945940e+00 2.311504166227372092e+00 2.321160884192030149e+00 2.330840105819876218e+00 2.340541776484199143e+00 2.350265840814196316e+00 2.360012242693579676e+00 2.369780925259195925e+00 0.000000000000000000e+00
2.042982840276136969e+00 2.051973146571017370e+00 2.060987241735584785e+00 2.070025091991766875e+00 2.079086662866617363e+00 2.088171919190331849e+00 2.097280825094275603e+00 2.106413344009028688e+00 2.115569438662450175e+00 2.124749071077761453e+00 2.133952202571653078e+00 2.143178793752401390e+00 2.152428804518009553e+00 2.161702194054368587e+00 2.170998920833430823e+00 2.180318942611417121e+00 2.189662216427026742e+00 2.199028698599677867e+00 2.208418344727765437e+00 2.217831109686939417e+00 2.227266947628404381e+00 2.236725811977234635e+00 2.246207655430716432e+00 2.255712429956707510e+00 2.265240086792020602e+00 2.274790576440821166e+00 2.284363848673056641e+00 2.293959852522898135e+00 2.303578536287209655e+00 2.313219847524037753e+00 2.322883733051117172e+00 2.332570138944410232e+00 2.342279010536659989e+00 2.352010292415967374e+00 0.000000000000000000e+00 0.000000000000000000e+00 0.000000000000000000e+00
2.044483568045449395e+00 2.053480478410635968e+00 2.062501195120261865e+00 2.071545684371439044e+00 2.080613911665901483e+00 2.089705841808009446e+00 2.098821438902779946e+00 2.107960666353927426e+00 2.117123486861933745e+00 2.126309862422124830e+00 2.135519754322773522e+00 2.144753123143220641e+00 2.154009928752010250e+00 2.163290130305052461e+00 2.172593686243796007e+00 2.181920554293428793e+00 2.191270691461090880e+00 2.200644054034115449e+00 2.210040597578280863e+00 2.219460276936088938e+00 2.228903046225064966e+00 2.238368858836071063e+00 2.247857667431644835e+00 2.257369423944362019e+00 2.266904079575215114e+00 2.276461584792008885e+00 2.286041889327795396e+00 2.295644942179306369e+00 2.305270691605426414e+00 2.314919085125677789e+00 2.324590069518731372e+00 2.334283590820936727e+00 0.000000000000000000e+00 0.000000000000000000e+00 0.000000000000000000e+00 0.000000000000000000e+00 0.000000000000000000e+00
2.045969739471757087e+00 2.054973189850920701e+00 2.064000463879777314e+00 2.073051527730868759e+00 2.082126346880850853e+00 2.091224886108498993e+00 2.100347109492738173e+00 2.109492980410680563e+00 2.118662461535693264e+00 2.127855514835477635e+00 2.137072101570165028e+00 2.146312182290439630e+00 2.155575716835675948e+00 2.164862664332092290e+00 2.174172983190926445e+00 2.183506631106638451e+00 2.192863565055115593e+00 2.202243741291912915e+00 2.211647115350511950e+00 2.221073642040588769e+00 2.230523275446314457e+00 2.239995968924668901e+00 2.249491675103782562e+00 2.259010345881286685e+00 2.268551932422702144e+00 2.278116385159830060e+00 2.287703653789179281e+00 2.297313687270408522e+00 2.306946433824790255e+00 2.316601840933697254e+00 2.326279855337113567e+00 2.335980423032161024e+00 0.000000000000000000e+00 0.000000000000000000e+00 0.000000000000000000e+00 0.000000000000000000e+00 0.000000000000000000e+00
2.047441321217001953e+00 2.056451247407106386e+00 2.065485014382272499e+00 2.074542588290712697e+00 2.083623934584251991e+00 2.092729018016331821e+00 2.101857802640040518e+00 2.111010251806149540e+00 2.120186328161179024e+00 2.129385993645472208e+00 2.138609209491299179e+00 2.147855936220970374e+00 2.157126133644972299e+00 2.166419760860125443e+00 2.175736776247756410e+00 2.185077137471893138e+00 2.194440801477478331e+00 2.203827724488606421e+00 2.213237862006772527e+00 2.222671168809150721e+00 2.232127598946885172e+00 2.241607105743410155e+00 2.251109641792780280e+00 2.260635158958033131e+00 2.270183608369559902e+00 2.279754940423512011e+00 2.289349104780217026e+00 2.298966050362622582e+00 2.308605725354758054e+00 2.318268077200221544e+00 2.327953052600690409e+00 0.000000000000000000e+00 0.000000000000000000e+00 0.000000000000000000e+00 0.000000000000000000e+00 0.000000000000000000e+00 0.000000000000000000e+00
2.048898280254122906e+00 2.057914617906791754e+00 2.066954813309624495e+00 2.076018832586743024e+00 2.085106641165385355e+00 0.000000000000000000e+00 0.000000000000000000e+00 0.000000000000000000e+00 0.000000000000000000e+00 0.000000000000000000e+00 0.000000000000000000e+00 2.149384350287972811e+00 2.158661144383523744e+00 0.000000000000000000e+00 0.000000000000000000e+00 0.000000000000000000e+00 0.000000000000000000e+00 0.000000000000000000e+00 2.214812801845551515e+00 2.224252821388096546e+00 2.233715980720560879e+00 2.243202233133163581e+00 2.252711531186225358e+00 2.262243826708528971e+00 2.271799070795692099e+00 2.281377213808565951e+00 2.290978205371656973e+00 2.300601994371566317e+00 2.310248528955450631e+00 2.319917756529511710e+00 0.000000000000000000e+00 0.000000000000000000e+00 0.000000000000000000e+00 0.000000000000000000e+00 0.000000000000000000e+00 0.000000000000000000e+00 0.000000000000000000e+00
2.050340583868287769e+00 2.059363268491184229e+00 2.068409827658693523e+00 2.077480227471091734e+00 2.086574433331279899e+00 0.000000000000000000e+00 0.000000000000000000e+00 0.000000000000000000e+00 0.000000000000000000e+00 0.000000000000000000e+00 0.000000000000000000e+00 0.000000000000000000e+00 0.000000000000000000e+00 0.000000000000000000e+00 0.000000000000000000e+00 0.000000000000000000e+00 0.000000000000000000e+00 0.000000000000000000e+00 0.000000000000000000e+00 0.000000000000000000e+00 0.000000000000000000e+00 0.000000000000000000e+00 2.254297307314994558e+00 2.263836313011450940e+00 2.273398283427204181e+00 2.282983168888161885e+00 2.292590918983369974e+00 2.302221482563447275e+00 2.311874807739050741e+00 0.000000000000000000e+00 0.000000000000000000e+00 0.000000000000000000e+00 0.000000000000000000e+00 0.000000000000000000e+00 0.000000000000000000e+00 0.000000000000000000e+00 0.000000000000000000e+00
0.000000000000000000e+00 2.060797166616323395e+00 2.069850024742557526e+00 2.078926740113498983e+00 0.000000000000000000e+00 0.000000000000000000e+00 0.000000000000000000e+00 0.000000000000000000e+00 0.000000000000000000e+00 0.000000000000000000e+00 0.000000000000000000e+00 0.000000000000000000e+00 0.000000000000000000e+00 0.000000000000000000e+00 0.000000000000000000e+00 0.000000000000000000e+00 0.000000000000000000e+00 0.000000000000000000e+00 0.000000000000000000e+00 0.000000000000000000e+00 0.000000000000000000e+00 0.000000000000000000e+00 0.000000000000000000e+00 2.265412582091565596e+00 2.274981210337756909e+00 2.284572769584492846e+00 2.294187209385717630e+00 2.303824478556437239e+00 2.313484525171177975e+00 0.000000000000000000e+00 0.000000000000000000e+00 0.000000000000000000e+00 0.000000000000000000e+00 0.000000000000000000e+00 0.000000000000000000e+00 0.000000000000000000e+00 0.000000000000000000e+00
0.000000000000000000e+00 0.000000000000000000e+00 0.000000000000000000e+00 0.000000000000000000e+00 0.000000000000000000e+00 0.000000000000000000e+00 0.000000000000000000e+00 0.000000000000000000e+00 0.000000000000000000e+00 0.000000000000000000e+00 0.000000000000000000e+00 0.000000000000000000e+00 0.000000000000000000e+00 0.000000000000000000e+00 0.000000000000000000e+00 0.000000000000000000e+00 0.000000000000000000e+00 0.000000000000000000e+00 0.000000000000000000e+00 0.000000000000000000e+00 0.000000000000000000e+00 0.000000000000000000e+00 0.000000000000000000e+00 0.000000000000000000e+00 2.276547815949915066e+00 2.286145980170123160e+00 2.295767040700909423e+00 2.305410946322031140e+00 0.000000000000000000e+00 0.000000000000000000e+00 0.000000000000000000e+00 0.000000000000000000e+00 0.000000000000000000e+00 0.000000000000000000e+00 0.000000000000000000e+00 0.000000000000000000e+00 0.000000000000000000e+00
