upland/rainfall_series/rainfall_8.asc
ncols 76
nrows 55
xllcorner 0.0
yllcorner 0.0
cellsize 10.0
[rows 17 to 33 of 55, columns 37 to 73 of 76]
1.998971059898550617e+00 2.007767688900417902e+00 2.016587594290669472e+00 2.025430743018909130e+00 2.034297101354840098e+00 2.043186634886315911e+00 2.052099308517418397e+00 2.061035086466536548e+00 2.069993932264480918e+00 2.078975808752603793e+00 2.087980678080945562e+00 2.097008501706393968e+00 2.106059240390867338e+00 2.115132854199508028e+00 2.124229302498907401e+00 2.133348543955335685e+00 2.142490536533005141e+00 2.151655237492340333e+00 2.160842603388276828e+00 2.170052590068573650e+00 2.179285152672149284e+00 2.188540245627438985e+00 2.197817822650766750e+00 2.207117836744742156e+00 2.216440240196677625e+00 2.225784984577023007e+00 2.235152020737827261e+00 2.244541298811213448e+00 2.253952768207880375e+00 2.263386377615626444e+00 2.272842074997887707e+00 2.282319807592307459e+00 2.291819521909317814e+00 2.301341163730754147e+00 2.310884678108480195e+00 2.320450009363042021e+00 2.330037101082348627e+00
2.000837562966633509e+00 2.009642405661709930e+00 2.018470546479077754e+00 2.027321952337479694e+00 2.036196589475123719e+00 2.045094423447734400e+00 2.054015419126619335e+00 2.062959540696760463e+00 2.071926751654912469e+00 2.080917014807734944e+00 2.089930292269923662e+00 2.098966545462379596e+00 2.108025735110381493e+00 2.117107821241785981e+00 2.126212763185239218e+00 2.135340519568421414e+00 2.144491048316293114e+00 2.153664306649369031e+00 2.162860251082022955e+00 2.172078837420782893e+00 2.181320020762683498e+00 2.190583755493606954e+00 2.199869995286658941e+00 2.209178693100567692e+00 2.218509801178094598e+00 2.227863271044470128e+00 2.237239053505850173e+00 2.246637098647795927e+00 2.256057355833769762e+00 2.265499773703656849e+00 2.274964300172306331e+00 2.284450882428095131e+00 2.293959466931510427e+00 2.303489999413760980e+00 2.313042424875405345e+00 2.322616687585000950e+00 2.332212731077780710e+00
2.002690481341376394e+00 2.011503477949154295e+00 2.020339794254946142e+00 2.029199397146861372e+00 2.038082252831840524e+00 2.046988326833710570e+00 2.055917583991249131e+00 2.064869988456267791e+00 2.073845503691719827e+00 2.082844092469818609e+00 2.091865716870178193e+00 2.100910338277970357e+00 2.109977917382102497e+00 2.119068414173415071e+00 2.128181787942890146e+00 2.137317997279893245e+00 2.146477000070419638e+00 2.155658753495370394e+00 2.164863214028843963e+00 2.174090337436446863e+00 2.183340078773626125e+00 2.192612392384024389e+00 2.201907231897845652e+00 2.211224550230252994e+00 2.220564299579781853e+00 2.229926431426771050e+00 2.239310896531821360e+00 2.248717644934267401e+00 2.258146625950680608e+00 2.267597788173381090e+00 2.277071079468984571e+00 2.286566446976959543e+00 2.296083837108212844e+00 2.305623195543697435e+00 2.315184467233035726e+00 2.324767596393175761e+00 2.334372526507058954e+00
2.004529774067004055e+00 2.013350864626744396e+00 2.022195296301562806e+00 2.031063035949159712e+00 2.039954049745437370e+00 2.048868303182561856e+00 2.057805761067016181e+00 2.066766387517690706e+00 2.075750145963980664e+00 2.084756999143910772e+00 2.093786909102266947e+00 2.102839837188757333e+00 2.111915744056186206e+00 2.121014589658648308e+00 2.130136333249739167e+00 2.139280933380792060e+00 2.148448347899122979e+00 2.157638533946308446e+00 2.166851447956472665e+00 2.176087045654596430e+00 2.185345282054849569e+00 2.194626111458942486e+00 2.203929487454492353e+00 2.213255362913421287e+00 2.222603689990361620e+00 2.231974420121090930e+00 2.241367504020988388e+00 2.250782891683504872e+00 2.260220532378662828e+00 2.269680374651569021e+00 2.279162366320959254e+00 2.288666454477755963e+00 2.298192585483646688e+00 2.307740704969698076e+00 2.317310757834974755e+00 2.326902688245192419e+00 2.336516439631384667e+00
2.006355400462961569e+00 2.015184524834908952e+00 2.024037011579864487e+00 2.032912827525344746e+00 2.041811938816448624e+00 2.050734310913912228e+00 2.059679908592166431e+00 2.068648695937422399e+00 2.077640636345770009e+00 2.086655692521297123e+00 2.095693826474221311e+00 2.104754999519049541e+00 2.113839172272752087e+00 2.122946304652951532e+00 2.132076355876132201e+00 2.141229284455879345e+00 2.150405048201118330e+00 2.159603604214392458e+00 2.168824908890147452e+00 2.178068917913040359e+00 2.187335586256271558e+00 2.196624868179930523e+00 2.205936717229365573e+00 2.215271086233575382e+00 2.224627927303616914e+00 2.234007191831041350e+00 2.243408830486336658e+00 2.252832793217414142e+00 2.262279029248092321e+00 2.271747487076616334e+00 2.281238114474197332e+00 2.290750858483568297e+00 2.300285665417570513e+00 2.309842480857750679e+00 2.319421249652991346e+00 2.329021915918156438e+00 2.338644423032760766e+00
2.008167320125412658e+00 2.017004417992009468e+00 2.025864899329942848e+00 2.034748730936770222e+00 2.043655878927016722e+00 2.052586308730225628e+00 2.061539985089018590e+00 2.070516872057170055e+00 2.079516932997715895e+00 2.088540130581060250e+00 2.097586426783113467e+00 2.106655782883447792e+00 2.115748159463464617e+00 2.124863516404589259e+00 2.134001812886474614e+00 2.143163007385239904e+00 2.152347057671708974e+00 2.161553920809684115e+00 2.170783553154231438e+00 2.180035910349988448e+00 2.189310947329490276e+00 2.198608618311519880e+00 2.207928876799473361e+00 2.217271675579749246e+00 2.226636966720157762e+00 2.236024701568348760e+00 2.245434830750266730e+00 2.254867304168616027e+00 2.264322071001362513e+00 2.273799079700240089e+00 2.283298277989292302e+00 2.292819612863428613e+00 2.302363030587002868e+00 2.311928476692419743e+00 2.321515895978753630e+00 2.331125232510399936e+00 2.340756429615741041e+00
2.009965492928730502e+00 2.018810503795844369e+00 2.027678919072552599e+00 2.036570705526679514e+00 2.045485829242410070e+00 2.054424255618331863e+00 2.063385949365494465e+00 2.072370874505487848e+00 2.081378994368539015e+00 2.090410271591627733e+00 2.099464668116616473e+00 2.108542145188405659e+00 2.117642663353100030e+00 2.126766182456201193e+00 2.135912661640812171e+00 2.145082059345868153e+00 2.154274333304380562e+00 2.163489440541706443e+00 2.172727337373828504e+00 2.181987979405669797e+00 2.191271321529408844e+00 2.200577317922835618e+00 2.209905922047711524e+00 2.219257086648157795e+00 2.228630763749066102e+00 2.238026904654521143e+00 2.247445459946256108e+00 2.256886379482117899e+00 2.266349612394562119e+00 2.275835107089167586e+00 2.285342811243167294e+00 2.294872671804007780e+00 2.304424634987928044e+00 2.313998646278559779e+00 2.323594650425548025e+00 2.333212591443202921e+00 2.342852412609161217e+00
2.011749879026976107e+00 2.020602742225130477e+00 2.029479030610600532e+00 2.038378710921707970e+00 2.047301749212529387e+00 2.056248110850932065e+00 2.065217760516639078e+00 2.074210662199299282e+00 2.083226779196585721e+00 2.092266074112308694e+00 2.101328508854542143e+00 2.110414044633782460e+00 2.119522641961107734e+00 2.128654260646372087e+00 2.137808859796405336e+00 2.146986397813248626e+00 2.156186832392390063e+00 2.165410120521031878e+00 2.174656218476379355e+00 2.183925081823939074e+00 2.193216665415847366e+00 2.202530923389213413e+00 2.211867809164482779e+00 2.221227275443825810e+00 2.230609274209543358e+00 2.240013756722488036e+00 2.249440673520520129e+00 2.258889974416973700e+00 2.268361608499146254e+00 2.277855524126811471e+00 2.287371668930751945e+00 2.296909989811315445e+00 2.306470432936993831e+00 2.316052943743020620e+00 2.325657466929992534e+00 2.335283946462515914e+00 2.344932325567870457e+00
2.013520438855371797e+00 2.022381093540981389e+00 2.031265194030631438e+00 2.040172707033371946e+00 2.049103598573401186e+00 2.058057833988109042e+00 2.067035377926129680e+00 2.076036194345421748e+00 2.085060246511353466e+00 2.094107496994823681e+00 2.103177907670382929e+00 2.112271439714385579e+00 2.121388053603158408e+00 2.130527709111180279e+00 2.139690365309295128e+00 2.148875980562928500e+00 2.158084512530337395e+00 2.167315918160870325e+00 2.176570153693249576e+00 2.185847174653875236e+00 2.195146935855147863e+00 2.204469391393813371e+00 2.213814494649321674e+00 2.223182198282215971e+00 2.232572454232534920e+00 2.241985213718237002e+00 2.251420427233651100e+00 2.260878044547940391e+00 2.270358014703593330e+00 2.279860286014933735e+00 2.289384806066655731e+00 2.298931521712372916e+00 2.308500379073199049e+00 2.318091323536343840e+00 2.327704299753736272e+00 2.337339251640663917e+00 2.346996122374442439e+00
2.015277133131760490e+00 2.024145518288375634e+00 2.033037369704303821e+00 2.041952654059550287e+00 2.050891337348671684e+00 2.059853384878815863e+00 2.068838761267775883e+00 2.077847430442063992e+00 2.086879355635000710e+00 2.095934499384828786e+00 2.105012823532837363e+00 2.114114289221508791e+00 2.123238856892685877e+00 2.132386486285754668e+00 2.141557136435849884e+00 2.150750765672073683e+00 2.159967331615740616e+00 2.169206791178640792e+00 2.178469100561315930e+00 2.187754215251366929e+00 2.197062090021768554e+00 2.206392678929219198e+00 2.215745935312495085e+00 2.225121811790838677e+00 2.234520260262357283e+00 2.243941231902450539e+00 2.253384677162256100e+00 2.262850545767111754e+00 2.272338786715050851e+00 2.281849348275302614e+00 2.291382177986830637e+00 2.300937222656882053e+00 2.310514428359564221e+00 2.320113740434440075e+00 2.329735103485148340e+00 2.339378461378047724e+00 2.349043757240877994e+00
2.017019922858057868e+00 2.025895977297613726e+00 2.034795518289849614e+00 2.043718512485954264e+00 2.052664925851077182e+00 2.061634723662363999e+00 2.070627870507009582e+00 2.079644330280330244e+00 2.088684066183852828e+00 2.097747040723421108e+00 2.106833215707324847e+00 2.115942552244444386e+00 2.125075010742412562e+00 2.134230550905799717e+00 2.143409131734311579e+00 2.152610711521016906e+00 2.161835247850580011e+00 2.171082697597527922e+00 2.180353016924527321e+00 2.189646161280683678e+00 2.198962085399861266e+00 2.208300743299025815e+00 2.217662088276601828e+00 2.227046072910856989e+00 2.236452649058302100e+00 2.245881767852112798e+00 2.255333379700576568e+00 2.264807434285556642e+00 2.274303880560976765e+00 2.283822666751333497e+00 2.293363740350221391e+00 2.302927048118887043e+00 2.312512536084802672e+00 2.322120149540261469e+00 2.331749833040997810e+00 2.341401530404825237e+00 2.351075184710300192e+00
2.018748769321693892e+00 2.027632431685771675e+00 2.036539600733534350e+00 2.045470243087590401e+00 2.054424324683915781e+00 2.063401810769894151e+00 2.072402665902367769e+00 2.081426853945705258e+00 2.090474338069892912e+00 2.099545080748637993e+00 2.108639043757494669e+00 2.117756188172007281e+00 2.126896474365875367e+00 2.136059862009127563e+00 2.145246310066331041e+00 2.154455776794802713e+00 2.163688219742853303e+00 2.172943595748046075e+00 2.182221860935471991e+00 2.191522970716051955e+00 2.200846879784851051e+00 2.210193542119421206e+00 2.219562910978157610e+00 2.228954938898681792e+00 2.238369577696238899e+00 2.247806778462120292e+00 2.257266491562105681e+00 2.266748666634929688e+00 2.276253252590764387e+00 2.285780197609725839e+00 2.295329449140404598e+00 2.304900953898414873e+00 2.314494657864967664e+00 2.324110506285465672e+00 2.333748443668118178e+00 2.343408413782584798e+00 2.353090359658631670e+00
2.020463634097048988e+00 2.029354842858130059e+00 2.038269578271100002e+00 2.047207806930211316e+00 2.056169494742504877e+00 2.065154606925843073e+00 2.074163108006959799e+00 2.083194961819528679e+00 2.092250131502249921e+00 2.101328579496952287e+00 2.110430267546719918e+00 2.119555156694032494e+00 2.128703207278927145e+00 2.137874378937175912e+00 2.147068630598483630e+00 2.156285920484711571e+00 2.165526206108108198e+00 2.174789444269570549e+00 2.184075591056920729e+00 2.193384601843201054e+00 2.202716431284991838e+00 2.212071033320751390e+00 2.221448361169168884e+00 2.230848367327547432e+00 2.240271003570201369e+00 2.249716220946875289e+00 2.259183969781185741e+00 2.268674199669088232e+00 2.278186859477354442e+00 2.287721897342081867e+00 2.297279260667218992e+00 2.306858896123118896e+00 2.316460749645102624e+00 2.326084766432062523e+00 2.335730890945067362e+00 2.345399066906012742e+00 2.355089237296270177e+00
2.022164479046872909e+00 2.031063172509613768e+00 2.039985412429198508e+00 2.048931165371756791e+00 2.057900397215627564e+00 2.066893073149395743e+00 2.075909157669932892e+00 2.084948614580466764e+00 2.094011406988667279e+00 2.103097497304747154e+00 2.112206847239585628e+00 2.121339417802867278e+00 2.130495169301243941e+00 2.139674061336505950e+00 2.148876052803788461e+00 2.158101101889780438e+00 2.167349166070966060e+00 2.176620202111875457e+00 2.185914166063364750e+00 2.195231013260910746e+00 2.204570698322922517e+00 2.213933175149082277e+00 2.223318396918699591e+00 2.232726316089088670e+00 2.242156884393965655e+00 2.251610052841870324e+00 2.261085771714602011e+00 2.270583990565683941e+00 2.280104658218844005e+00 2.289647722766518623e+00 2.299213131568382806e+00 2.308800831249893992e+00 2.318410767700863850e+00 2.328042886074049633e+00 2.337697130783769506e+00 2.347373445504541412e+00 2.357071773169739259e+00
2.023851266323696052e+00 2.032757382626206422e+00 2.041687065026821735e+00 2.050640280063784626e+00 2.059616993586971923e+00 2.068617170755930879e+00 2.077640776037915415e+00 2.086687773205962326e+00 2.095758125336967037e+00 2.104851794809787346e+00 2.113968743303363151e+00 2.123108931794856158e+00 2.132272320557805134e+00 2.141458869160305589e+00 2.150668536463203218e+00 2.159901280618309993e+00 2.169157059066636251e+00 2.178435828536651631e+00 2.187737545042548248e+00 2.197062163882547381e+00 2.206409639637203046e+00 2.215779926167742886e+00 2.225172976614421483e+00 2.234588743394894994e+00 2.244027178202618877e+00 2.253488232005265157e+00 2.262971855043162339e+00 2.272477996827751756e+00 2.282006606140074112e+00 2.291557631029268460e+00 2.301131018811097828e+00 2.310726716066498376e+00 2.320344668640144992e+00 2.329984821639044412e+00 2.339647119431148337e+00 2.349331505643990514e+00 2.359037923163343820e+00
2.025523958371240330e+00 2.034437435486356804e+00 2.043374498176713239e+00 2.052335112952896612e+00 2.061319245636559661e+00 2.070326861358452675e+00 2.079357924556464621e+00 2.088412398973689577e+00 2.097490247656506490e+00 2.106591432952680698e+00 2.115715916509477879e+00 2.124863659271808203e+00 2.134034621480378924e+00 2.143228762669869170e+00 2.152446041667120724e+00 2.161686416589360782e+00 2.170949844842424259e+00 2.180236283119016516e+00 2.189545687396978302e+00 2.198878012937583115e+00 2.208233214283847001e+00 2.217611245258864550e+00 2.227012058964160435e+00 2.236435607778065382e+00 2.245881843354110341e+00 2.255350716619441975e+00 2.264842177773262133e+00 2.274356176285286857e+00 2.283892660894220494e+00 2.293451579606267554e+00 2.303032879693649004e+00 2.312636507693149657e+00 2.322262409404685535e+00 2.331910529889895223e+00 2.341580813470751199e+00 2.351273203728196037e+00 2.360987643500795929e+00
2.027182517925804284e+00 2.036103293662382185e+00 2.045047674286774253e+00 2.054015626282144957e+00 2.063007115442161421e+00 2.072022106869020330e+00 2.081060564971493498e+00 2.090122453462984975e+00 2.099207735359616578e+00 2.108316372978319642e+00 2.117448327934959185e+00 2.126603561142465626e+00 2.135782032808988706e+00 2.144983702436072281e+00 2.154208528816846435e+00 2.163456470034241796e+00 2.172727483459218956e+00 2.182021525749017865e+00 2.191338552845436105e+00 2.200678519973111147e+00 2.210041381637838587e+00 2.219427091624903259e+00 2.228835602997425891e+00 2.238266868094744400e+00 2.247720838530801402e+00 2.257197465192561925e+00 2.266696698238448882e+00 2.276218487096802079e+00 2.285762780464354105e+00 2.295329526304733303e+00 2.304918671846985401e+00 2.314530163584118228e+00 2.324163947271668196e+00 2.333819967926287209e+00 2.343498169824357102e+00 2.353198496500624071e+00 2.362920890746849523e+00
