upland/rainfall_series/rainfall_11.asc
ncols 76
nrows 55
xllcorner 0.0
yllcorner 0.0
cellsize 10.0
[rows 17 to 33 of 55, columns 37 to 73 of 76]
5.381508249055258882e-05 5.482948701931698469e-05 5.585921868156505220e-05 5.690442413839159294e-05 5.796524961778005736e-05 5.904184086640171475e-05 6.013434310067935476e-05 6.124290095712214745e-05 6.236765844193921762e-05 6.350875887993789632e-05 6.466634486271526918e-05 6.584055819615220319e-05 6.703153984721634364e-05 6.823942989008599405e-05 6.946436745160353891e-05 7.070649065606807236e-05 7.196593656937816960e-05 7.324284114253858406e-05 7.453733915453821565e-05 7.584956415461635863e-05 7.717964840392658034e-05 7.852772281661237949e-05 7.989391690031119901e-05 8.127835869609645607e-05 8.268117471787675291e-05 8.410248989126531925e-05 8.554242749193657295e-05 8.700110908348516732e-05 8.847865445480731193e-05 8.997518155701756694e-05 9.149080643992349980e-05 9.302564318807338313e-05 9.457980385639873984e-05 9.615339840546904197e-05 9.774653463638016606e-05 9.935931812529668987e-05 1.009918521576692944e-04
5.200788043928183626e-05 5.298821953768061843e-05 5.398337105833734395e-05 5.499347673721766225e-05 5.601867789172068092e-05 5.705911537409594155e-05 5.811492952415190332e-05 5.918626012125772329e-05 6.027324633564897215e-05 6.137602667904176442e-05 6.249473895456504754e-05 6.362952020601653853e-05 6.478050666645343483e-05 6.594783370612473656e-05 6.713163577975693041e-05 6.833204637319931641e-05 6.954919794944513264e-05 7.078322189403271939e-05 7.203424845984323006e-05 7.330240671130531052e-05 7.458782446801771101e-05 7.589062824780427755e-05 7.721094320921563427e-05 7.854889309348801936e-05 7.990460016597773297e-05 8.127818515708328613e-05 8.266976720267213701e-05 8.407946378402662412e-05 8.550739066732790752e-05 8.695366184269141612e-05 8.841838946277468577e-05 8.990168378097257700e-05 9.140365308922177349e-05 9.292440365542820849e-05 9.446403966054367062e-05 9.602266313530549377e-05 9.760037389666311586e-05
5.025795356368495994e-05 5.120530685837484605e-05 5.216697417670339136e-05 5.314309248559793839e-05 5.413379834750279624e-05 5.513922787536417602e-05 5.615951668692868406e-05 5.719479985836210161e-05 5.824521187719096518e-05 5.931088659458095386e-05 6.039195717695180598e-05 6.148855605694226328e-05 6.260081488372906103e-05 6.372886447271264917e-05 6.487283475457499102e-05 6.603285472372236186e-05 6.720905238611977453e-05 6.840155470653185856e-05 6.961048755517668454e-05 7.083597565380798347e-05 7.207814252123497694e-05 7.333711041829350612e-05 7.461300029228134807e-05 7.590593172087136667e-05 7.721602285551572558e-05 7.854339036435624703e-05 7.988814937465465885e-05 8.125041341476144563e-05 8.263029435563302137e-05 8.402790235192088611e-05 8.544334578264340546e-05 8.687673119146253388e-05 8.832816322657857362e-05 8.979774458026553417e-05 9.128557592806311126e-05 9.279175586764554663e-05 9.431638085738743959e-05
4.856360841681230838e-05 4.947902361328252455e-05 5.040827026506620903e-05 5.135148072152811256e-05 5.230878694118590896e-05 5.328032044821339310e-05 5.426621228827999127e-05 5.526659298373138164e-05 5.628159248811993208e-05 5.731134014008999722e-05 5.835596461662516236e-05 5.941559388566592515e-05 6.049035515810342569e-05 6.158037483916201863e-05 6.268577847917377048e-05 6.380669072375939009e-05 6.494323526342228733e-05 6.609553478256691356e-05 6.726371090795211767e-05 6.844788415659000037e-05 6.964817388310319600e-05 7.086469822655080042e-05 7.209757405673767651e-05 7.334691692001731533e-05 7.461284098460512577e-05 7.589545898541262884e-05 7.719488216841921254e-05 7.851122023459651794e-05 7.984458128339838535e-05 8.119507175583507677e-05 8.256279637714623507e-05 8.394785809908938512e-05 8.535035804186312655e-05 8.677039543567916695e-05 8.820806756200536751e-05 8.966346969449476300e-05 9.113669503962312118e-05
4.692319745288415291e-05 4.780769120068557317e-05 4.870554919652967930e-05 4.961689931920418983e-05 5.054186906985241504e-05 5.148058552994499320e-05 5.243317531861087016e-05 5.339976454933345140e-05 5.438047878601515216e-05 5.537544299842132308e-05 5.638478151700648561e-05 5.740861798713257387e-05 5.844707532268433983e-05 5.950027565909377341e-05 6.056834030577777270e-05 6.165138969800206795e-05 6.274954334817722009e-05 6.386291979659985344e-05 6.499163656164593926e-05 6.613581008943132959e-05 6.729555570294622256e-05 6.847098755067667817e-05 6.966221855472855295e-05 7.086936035846102297e-05 7.209252327364603936e-05 7.333181622716714704e-05 7.458734670726970125e-05 7.585922070937939539e-05 7.714754268150166342e-05 7.845241546921748806e-05 7.977394026029397832e-05 8.111221652892227968e-05 8.246734197960112634e-05 8.383941249068449411e-05 8.522852205760782793e-05 8.663476273581299683e-05 8.805822458339115292e-05
4.533511791986775746e-05 4.618967665696623856e-05 4.705714733940983131e-05 4.793765351802701895e-05 4.883131837878271594e-05 4.973826470217317542e-05 5.065861482200038072e-05 5.159249058353344240e-05 5.254001330106131752e-05 5.350130371484393220e-05 5.447648194746691839e-05 5.546566745961000741e-05 5.646897900523246147e-05 5.748653458618587712e-05 5.851845140626363713e-05 5.956484582469239814e-05 6.062583330907715397e-05 6.170152838780917155e-05 6.279204460194571721e-05 6.389749445657320794e-05 6.501798937166353891e-05 6.615363963243575045e-05 6.730455433923326675e-05 6.847084135693200029e-05 6.965260726388681654e-05 7.084995730043442438e-05 7.206299531696323628e-05 7.329182372156536332e-05 7.453654342728360653e-05 7.579725379896978886e-05 7.707405259976845462e-05 7.836703593724321591e-05 7.967629820915962376e-05 8.100193204894211459e-05 8.234402827082297547e-05 8.370267581469849349e-05 8.507796169071292968e-05
4.379781077447257121e-05 4.462339155115150360e-05 4.546144643101797085e-05 4.631209477531013791e-05 4.717545559277540096e-05 4.805164750044111353e-05 4.894078868378820866e-05 4.984299685633090184e-05 5.075838921860855986e-05 5.168708241659648476e-05 5.262919249954144720e-05 5.358483487722911820e-05 5.455412427668943017e-05 5.553717469834896771e-05 5.653409937163759817e-05 5.754501071005760896e-05 5.857002026572487904e-05 5.960923868338977570e-05 6.066277565394899131e-05 6.173073986745826762e-05 6.281323896565480988e-05 6.391037949400179153e-05 6.502226685326672638e-05 6.614900525064293098e-05 6.729069765042928976e-05 6.844744572427793850e-05 6.961934980102664418e-05 7.080650881612372805e-05 7.200902026066579307e-05 7.322698013005721381e-05 7.446048287230873613e-05 7.570962133599074494e-05 7.697448671785461695e-05 7.825516851013880105e-05 7.955175444757839646e-05 8.086433045413134754e-05 8.219298058944029661e-05
4.230975961923921178e-05 4.310729090196516069e-05 4.391687247437442193e-05 4.473861964235112610e-05 4.557264737126480675e-05 4.641907024807367200e-05 4.727800244285149394e-05 4.814955766974066365e-05 4.903384914733728025e-05 4.993098955851493483e-05 5.084109100969294245e-05 5.176426498955508018e-05 5.270062232722698967e-05 5.365027314991725895e-05 5.461332684003253048e-05 5.558989199177404218e-05 5.658007636722192359e-05 5.758398685191927496e-05 5.860172940996344267e-05 5.963340903861418082e-05 6.067912972243048316e-05 6.173899438694338993e-05 6.281310485187988762e-05 6.390156178394509803e-05 6.500446464917748128e-05 6.612191166488724456e-05 6.725399975119288444e-05 6.840082448216427231e-05 6.956248003659231338e-05 7.073905914839268754e-05 7.193065305666066682e-05 7.313735145539298794e-05 7.435924244288827237e-05 7.559641247084460179e-05 7.684894629316819416e-05 7.811692691451022975e-05 7.940043553854756147e-05
4.086948966139907901e-05 4.163987211706278338e-05 4.242189465752145290e-05 4.321566866352270975e-05 4.402130518689020854e-05 4.483891491391832817e-05 4.566860812820804566e-05 4.651049467294963638e-05 4.736468391265555517e-05 4.823128469435263921e-05 4.911040530823639771e-05 5.000215344779547895e-05 5.090663616941225095e-05 5.182395985144581783e-05 5.275423015280769059e-05 5.369755197103502501e-05 5.465402939987023585e-05 5.562376568635699596e-05 5.660686318746021634e-05 5.760342332621951441e-05 5.861354654744678873e-05 5.963733227297711610e-05 6.067487885648362308e-05 6.172628353786801440e-05 6.279164239723722754e-05 6.387105030847831577e-05 6.496460089244376391e-05 6.607238646975909511e-05 6.719449801326724274e-05 6.833102510012131563e-05 6.948205586353880755e-05 7.064767694423589929e-05 7.182797344155013395e-05 7.302302886427019504e-05 7.423292508118783061e-05 7.545774227138577416e-05 7.669755887428032423e-05
3.947556669318578955e-05 4.021967395412219450e-05 4.097502429510318768e-05 4.174172529804750473e-05 4.251988422716901416e-05 4.330960799361916331e-05 4.411100311959056914e-05 4.492417570188550089e-05 4.574923137495548909e-05 4.658627527341555036e-05 4.743541199404115307e-05 4.829674555725284313e-05 4.917037936809380880e-05 5.005641617670981031e-05 5.095495803833694935e-05 5.186610627280433271e-05 5.278996142356177403e-05 5.372662321623823250e-05 5.467619051674109875e-05 5.563876128890611958e-05 5.661443255170524601e-05 5.760330033602396502e-05 5.860545964101705280e-05 5.962100439005554989e-05 6.065002738627200556e-05 6.169262026771919055e-05 6.274887346215200215e-05 6.381887614144565323e-05 6.490271617566060124e-05 6.600048008676921284e-05 6.711225300205743210e-05 6.823811860721353450e-05 6.937815909911777660e-05 7.053245513835106116e-05 7.170108580143164372e-05 7.288412853279917941e-05 7.408165909656139723e-05
3.812659609327727822e-05 3.884527550346271327e-05 3.957481379187632490e-05 4.031531486411597044e-05 4.106688231893129178e-05 4.182961941407486377e-05 4.260362903163170595e-05 4.338901364283319508e-05 4.418587527235951211e-05 4.499431546213485871e-05 4.581443523462324957e-05 4.664633505562876346e-05 4.749011479660746266e-05 4.834587369649705267e-05 4.921371032307227111e-05 5.009372253383151510e-05 5.098600743642425477e-05 5.189066134862613798e-05 5.280777975787004645e-05 5.373745728034283415e-05 5.467978761965575725e-05 5.563486352509886191e-05 5.660277674948801022e-05 5.758361800661740556e-05 5.857747692832359417e-05 5.958444202117747692e-05 6.060460062281026057e-05 6.163803885788946241e-05 6.268484159375408923e-05 6.374509239572265825e-05 6.481887348208656223e-05 6.590626567880199932e-05 6.700734837389404040e-05 6.812219947158619005e-05 6.925089534617099934e-05 7.039351079563392773e-05 7.155011899504953616e-05
3.682122184904752690e-05 3.751529519186684993e-05 3.821985562782420864e-05 3.893500350500903978e-05 3.966083887516837523e-05 4.039746146072698408e-05 4.114497062130426184e-05 4.190346531973296941e-05 4.267304408758304740e-05 4.345380499019751226e-05 4.424584559124416811e-05 4.504926291679006630e-05 4.586415341890287339e-05 4.669061293878887817e-05 4.752873666946952840e-05 4.837861911800918238e-05 4.924035406729609465e-05 5.011403453738850794e-05 5.099975274643058783e-05 5.189760007115096674e-05 5.280766700694675673e-05 5.373004312756764759e-05 5.466481704440706292e-05 5.561207636540971874e-05 5.657190765360728716e-05 5.754439638529232961e-05 5.852962690783976941e-05 5.952768239719002561e-05 6.053864481500372154e-05 6.156259486549864768e-05 6.259961195198562802e-05 6.364977413311060143e-05 6.471315807881982502e-05 6.578983902606061343e-05 6.687989073423068547e-05 6.798338544039035517e-05 6.910039381425403342e-05
3.555812559931220143e-05 3.622838980728117285e-05 3.690878136454085881e-05 3.759939717689140929e-05 3.830033386395625234e-05 3.901168772733318085e-05 3.973355471826080785e-05 4.046603040480121685e-05 4.120920993854833476e-05 4.196318802086217636e-05 4.272805886863661085e-05 4.350391617960641698e-05 4.429085309719729279e-05 4.508896217492764931e-05 4.589833534036704701e-05 4.671906385865788163e-05 4.755123829560839688e-05 4.839494848036450482e-05 4.925028346766713620e-05 5.011733149970401779e-05 5.099617996756491636e-05 5.188691537230811482e-05 5.278962328564677390e-05 5.370438831026810844e-05 5.463129403979018938e-05 5.557042301837024253e-05 5.652185669997481188e-05 5.748567540731946469e-05 5.846195829049405780e-05 5.945078328528086967e-05 6.045222707117986233e-05 6.146636502915345354e-05 6.249327119910181715e-05 6.353301823708243379e-05 6.458567737228870472e-05 6.565131836379807788e-05 6.673000945710712815e-05
3.433602569725026767e-05 3.498325354407510573e-05 3.564026067255862966e-05 3.630714065793824193e-05 3.698398679911017988e-05 3.767089208787574166e-05 3.836794917771746302e-05 3.907525035211196037e-05 3.979288749238089011e-05 4.052095204508589259e-05 4.125953498897338203e-05 4.200872680147350576e-05 4.276861742475872769e-05 4.353929623136849365e-05 4.432085198940687704e-05 4.511337282731740583e-05 4.591694619824559468e-05 4.673165884399261763e-05 4.755759675857003501e-05 4.839484515136347576e-05 4.924348840991160415e-05 5.010361006231111805e-05 5.097529273925487358e-05 5.185861813571366631e-05 5.275366697227030209e-05 5.366051895611560681e-05 5.457925274171864031e-05 5.550994589117745674e-05 5.645267483426654592e-05 5.740751482818737267e-05 5.837453991703639336e-05 5.935382289100202198e-05 6.034543524530155707e-05 6.134944713887090369e-05 6.236592735282176132e-05 6.339494324867709220e-05 6.443656072639854498e-05
3.315367629318563677e-05 3.377861706853240776e-05 3.441300037928938420e-05 3.505691657846239141e-05 3.571045575223186778e-05 3.637370769025769889e-05 3.704676185553150571e-05 3.772970735377957830e-05 3.842263290242130030e-05 3.912562679908696716e-05 3.983877688970096124e-05 4.056217053613340773e-05 4.129589458342873418e-05 4.204003532661359350e-05 4.279467847709176009e-05 4.355990912863449667e-05 4.433581172296739454e-05 4.512247001496715179e-05 4.591996703747095934e-05 4.672838506570781890e-05 4.754780558136041896e-05 4.837830923626343724e-05 4.921997581575010756e-05 5.007288420165240448e-05 5.093711233496740884e-05 5.181273717819589189e-05 5.269983467736662311e-05 5.359847972375340831e-05 5.450874611529734677e-05 5.543070651774340105e-05 5.636443242550506929e-05 5.730999412226509487e-05 5.826746064132691804e-05 5.923689972572777245e-05 6.021837778812509537e-05 6.121195987047012928e-05 6.221770960348209812e-05
3.200986643691533572e-05 3.261324660425876328e-05 3.322574353725556346e-05 3.384744447171056554e-05 3.447843638580941648e-05 3.511880597144707806e-05 3.576863960512021730e-05 3.642802331838596340e-05 3.709704276789138838e-05 3.777578320497728938e-05 3.846432944486186280e-05 3.916276583541006425e-05 3.987117622549117492e-05 4.058964393293221126e-05 4.131825171207339858e-05 4.205708172092973367e-05 4.280621548796711360e-05 4.356573387849873615e-05 4.433571706070865676e-05 4.511624447131070797e-05 4.590739478084958461e-05 4.670924585865246362e-05 4.752187473743893075e-05 4.834535757759892452e-05 4.917976963114619208e-05 5.002518520535664879e-05 5.088167762610247677e-05 5.174931920089072414e-05 5.262818118161532939e-05 5.351833372703571659e-05 5.441984586499075052e-05 5.533278545435908334e-05 5.625721914677858469e-05 5.719321234813510787e-05 5.814082917983333810e-05 5.910013243986166949e-05 6.007118356366399916e-05
3.090341919927284064e-05 3.148594303718673911e-05 3.207726851228570722e-05 3.267747984499803123e-05 3.328666100703694741e-05 3.390489569372101471e-05 3.453226729587259065e-05 3.516885887129780501e-05 3.581475311585139939e-05 3.647003233409165700e-05 3.713477840952992214e-05 3.780907277447753510e-05 3.849299637949912714e-05 3.918662966247301411e-05 3.989005251726769451e-05 4.060334426203911380e-05 4.132658360715515988e-05 4.205984862275318978e-05 4.280321670593828585e-05 4.355676454762940361e-05 4.432056809905949652e-05 4.509470253793827088e-05 4.587924223428684089e-05 4.667426071594867477e-05 4.747983063378981533e-05 4.829602372659478531e-05 4.912291078566694599e-05 4.996056161914485584e-05 5.080904501604255059e-05 5.166842871002453263e-05 5.253877934292578989e-05 5.342016242802738820e-05 5.431264231309885842e-05 5.521628214321799697e-05 5.613114382338079864e-05 5.705728798091132026e-05 5.799477392768742645e-05
